[[ 0.28361469  0.          0.          0.          0.          0.
   0.          0.          0.          0.          0.          0.
   0.          0.          0.          0.          0.          0.
   0.          0.          0.          0.          0.          0.
   0.        ]
 [ 0.          0.40842331  0.          0.          0.          0.
   0.          0.          0.          0.          0.          0.
  -0.40846375  0.          0.          0.         -0.26666275  0.
   0.          0.          0.          0.          0.          0.
   0.        ]
 [ 0.          0.          0.56667193  0.45018145  0.          0.
   0.          0.          0.          0.          0.          0.
   0.          0.          0.          0.          0.          0.
   0.          0.          0.          0.          0.          0.
   0.        ]
 [ 0.          0.          0.          0.4748846   0.          0.
   0.          0.          0.          0.          0.          0.
   0.          0.          0.          0.          0.          0.
   0.          0.          0.          0.          0.          0.
   0.        ]
 [ 0.          0.          0.          0.          0.46830993  0.
   0.          0.          0.          0.          0.          0.
   0.          0.          0.          0.          0.          0.
   0.          0.          0.          0.         -0.35857931  0.
   0.        ]
 [ 0.          0.          0.          0.          0.          0.74599866
   0.          0.          0.          0.          0.          0.
   0.          0.          0.          0.          0.          0.
   0.          0.          0.          0.          0.          0.
   0.        ]
 [ 0.          0.          0.          0.          0.          0.
   0.57284621  0.          0.          0.          0.         -0.61349114
   0.          0.          0.          0.          0.          0.
   0.          0.          0.         -0.609595    0.          0.
   0.        ]
 [ 0.          0.          0.          0.          0.          0.
   0.          0.65790369  0.          0.          0.          0.
   0.          0.          0.          0.          0.          0.
   0.          0.          0.          0.          0.          0.
   0.        ]
 [ 0.          0.          0.          0.          0.          0.
   0.          0.          0.45780546  0.          0.          0.
   0.          0.          0.          0.          0.          0.
   0.          0.          0.          0.          0.          0.
   0.        ]
 [ 0.          0.          0.          0.          0.          0.
   0.          0.          0.          0.48076026  0.          0.
   0.          0.          0.          0.          0.          0.
   0.          0.          0.          0.          0.          0.
   0.        ]
 [ 0.          0.          0.          0.          0.          0.
   0.          0.          0.         -0.71047892  0.61872444  0.
   0.          0.          0.          0.          0.          0.
   0.          0.          0.          0.          0.          0.
   0.        ]
 [ 0.          0.          0.          0.          0.          0.
   0.          0.          0.          0.          0.          0.33361673
   0.          0.          0.          0.          0.          0.
   0.          0.          0.          0.          0.          0.
   0.        ]
 [ 0.          0.          0.          0.          0.          0.
   0.          0.          0.          0.          0.          0.
   0.29491356  0.          0.          0.          0.          0.
   0.          0.          0.          0.          0.          0.
   0.        ]
 [ 0.          0.          0.          0.          0.          0.
   0.          0.          0.          0.          0.          0.
   0.          0.3939427   0.          0.          0.          0.
   0.          0.          0.          0.          0.          0.
   0.        ]
 [ 0.          0.          0.          0.          0.          0.
   0.          0.          0.          0.          0.          0.
   0.          0.          0.43987654  0.          0.          0.
   0.          0.          0.          0.          0.          0.
   0.        ]
 [ 0.          0.          0.          0.          0.          0.
   0.          0.          0.          0.          0.          0.
   0.          0.          0.          0.58967585  0.          0.
   0.          0.          0.          0.          0.          0.
   0.        ]
 [ 0.          0.          0.          0.          0.          0.
   0.          0.          0.          0.          0.          0.
   0.          0.          0.          0.          0.69715988  0.
   0.          0.          0.          0.          0.          0.
   0.        ]
 [ 0.          0.          0.          0.          0.          0.
   0.          0.          0.          0.          0.          0.
   0.          0.          0.          0.          0.          0.48551618
   0.          0.          0.          0.          0.          0.
   0.        ]
 [ 0.          0.          0.          0.          0.          0.
   0.          0.          0.          0.4130139   0.          0.
   0.          0.          0.          0.          0.          0.
   0.42581833  0.          0.          0.          0.          0.
   0.        ]
 [ 0.          0.          0.          0.          0.          0.
   0.          0.          0.          0.          0.          0.
   0.          0.          0.          0.          0.          0.
   0.          0.27387549  0.          0.          0.          0.
   0.        ]
 [ 0.          0.          0.          0.          0.          0.
   0.          0.          0.          0.          0.          0.
   0.          0.          0.          0.          0.          0.
   0.          0.          0.6589466   0.          0.          0.
   0.        ]
 [ 0.          0.          0.          0.          0.          0.
   0.          0.          0.          0.          0.          0.
   0.          0.          0.          0.          0.          0.
   0.          0.          0.          0.44718915  0.          0.
   0.        ]
 [ 0.          0.          0.          0.          0.          0.
   0.          0.          0.          0.          0.          0.
   0.          0.          0.          0.          0.          0.
   0.          0.          0.          0.          0.55404359  0.
   0.        ]
 [ 0.          0.          0.          0.          0.          0.
   0.          0.          0.          0.          0.          0.
   0.          0.          0.          0.          0.          0.
   0.          0.          0.          0.          0.          0.64489072
   0.        ]
 [ 0.          0.          0.          0.          0.          0.
   0.          0.          0.          0.36624472  0.          0.
   0.          0.          0.51373502  0.          0.          0.
   0.          0.          0.          0.          0.          0.
   0.42445639]]
[[ 0.          0.          0.         ...  0.          0.
   0.        ]
 [-0.64082387  1.69780601  0.41568894 ... -0.02720486  1.13614464
   0.5665296 ]
 [-0.7020354   1.05350854  0.89379313 ... -1.13099405  0.10132867
  -1.0168962 ]
 ...
 [-0.68706198 -0.84264069 -0.36881528 ...  0.1852886  -1.08611807
  -0.59753132]
 [-0.59815877 -2.38674564 -1.45525501 ... -0.54136444 -1.05376912
  -0.61911185]
 [ 1.8149387  -1.00034147 -0.94660278 ... -1.64129303  1.00173092
   0.3776188 ]]

