[[ 0.72908824  0.          0.          0.          0.          0.
   0.          0.          0.          0.          0.          0.
   0.          0.          0.          0.          0.          0.
   0.          0.          0.          0.          0.          0.
   0.        ]
 [ 0.          0.73305795  0.          0.          0.          0.
   0.          0.          0.          0.          0.          0.
   0.          0.         -0.33306998  0.          0.          0.
   0.          0.          0.          0.          0.          0.
   0.        ]
 [ 0.          0.          0.74805559  0.          0.          0.
   0.          0.          0.          0.          0.          0.
   0.          0.          0.          0.          0.          0.
   0.          0.          0.          0.          0.          0.
   0.        ]
 [ 0.          0.          0.          0.40564449  0.          0.
   0.          0.          0.          0.          0.          0.
   0.          0.          0.          0.          0.          0.
   0.          0.          0.          0.          0.          0.
   0.        ]
 [ 0.          0.          0.          0.          0.27228727  0.
   0.          0.          0.          0.          0.          0.
   0.          0.          0.          0.          0.          0.
   0.          0.          0.          0.          0.          0.
   0.        ]
 [ 0.          0.          0.          0.          0.          0.3903781
   0.          0.          0.          0.          0.          0.
   0.          0.          0.          0.          0.          0.
   0.          0.          0.          0.          0.          0.
   0.        ]
 [ 0.          0.          0.          0.          0.          0.
   0.42548267  0.          0.          0.          0.          0.
   0.          0.          0.          0.          0.          0.
   0.          0.          0.          0.          0.          0.39982448
   0.        ]
 [ 0.          0.          0.          0.          0.          0.
   0.          0.47914029  0.          0.          0.          0.
   0.          0.          0.          0.          0.          0.
   0.          0.          0.          0.          0.          0.
   0.        ]
 [ 0.          0.          0.          0.          0.          0.
   0.          0.          0.4737642   0.          0.          0.
   0.          0.          0.          0.          0.          0.
   0.          0.          0.          0.          0.          0.
   0.        ]
 [ 0.          0.          0.          0.          0.          0.
   0.          0.          0.          0.68182332  0.          0.
   0.          0.          0.          0.          0.          0.
   0.          0.          0.          0.          0.          0.
   0.        ]
 [ 0.56984636  0.          0.          0.          0.          0.
   0.          0.          0.          0.          0.69228733  0.
   0.          0.          0.          0.          0.          0.
   0.          0.          0.          0.          0.          0.
   0.        ]
 [ 0.          0.          0.          0.          0.          0.
   0.          0.          0.          0.          0.4107413   0.48555677
   0.          0.          0.          0.          0.          0.
   0.          0.          0.          0.          0.          0.
   0.        ]
 [ 0.          0.          0.          0.          0.          0.
   0.          0.          0.          0.         -0.33483248  0.
   0.63677125  0.          0.60874554  0.          0.          0.
   0.          0.          0.          0.          0.          0.
   0.        ]
 [ 0.          0.          0.          0.          0.          0.
   0.          0.          0.          0.          0.          0.
   0.          0.55137713  0.          0.          0.          0.
   0.          0.          0.          0.          0.          0.
   0.        ]
 [ 0.          0.          0.          0.          0.          0.
   0.          0.          0.          0.          0.          0.
   0.          0.          0.65279806  0.          0.          0.
   0.          0.47602643  0.          0.          0.          0.
   0.        ]
 [ 0.          0.          0.          0.          0.          0.
   0.          0.          0.          0.          0.          0.
  -0.4699485   0.          0.          0.50477787  0.          0.
   0.          0.          0.          0.          0.          0.
   0.        ]
 [ 0.          0.          0.          0.          0.          0.
   0.          0.          0.          0.          0.          0.
   0.          0.          0.          0.          0.6225894   0.
   0.          0.          0.          0.          0.          0.
   0.        ]
 [ 0.          0.          0.          0.          0.          0.
   0.          0.          0.          0.          0.          0.
   0.          0.          0.          0.          0.          0.30410551
   0.          0.          0.          0.          0.          0.
   0.        ]
 [ 0.          0.          0.          0.          0.          0.
   0.          0.         -0.43822934  0.          0.          0.
   0.          0.          0.          0.          0.          0.
   0.32930106  0.          0.          0.          0.          0.
   0.        ]
 [ 0.          0.          0.          0.          0.          0.
   0.          0.          0.          0.          0.          0.
   0.          0.          0.          0.          0.          0.
   0.          0.27827299  0.          0.          0.          0.
   0.        ]
 [ 0.          0.          0.          0.          0.          0.
   0.          0.          0.          0.          0.          0.
   0.          0.          0.          0.          0.          0.
   0.          0.          0.38361654  0.          0.          0.
   0.        ]
 [ 0.          0.34743199  0.          0.          0.          0.
   0.          0.          0.          0.          0.          0.
   0.          0.          0.          0.          0.          0.
   0.          0.          0.          0.74362003  0.          0.
   0.        ]
 [ 0.          0.          0.          0.          0.          0.
   0.          0.          0.          0.          0.          0.
   0.          0.          0.          0.          0.          0.
   0.          0.          0.          0.          0.58212989  0.
   0.        ]
 [ 0.          0.          0.          0.          0.          0.
   0.          0.          0.          0.          0.          0.
   0.          0.          0.          0.          0.          0.
   0.          0.          0.          0.          0.          0.55842679
   0.        ]
 [ 0.          0.          0.          0.          0.          0.
   0.          0.          0.          0.          0.          0.
   0.          0.          0.          0.          0.          0.
   0.          0.          0.          0.          0.          0.
   0.57341512]]
[[ 0.          0.          0.         ...  0.          0.
   0.        ]
 [-0.64155477 -1.03426586 -0.36056204 ...  0.92114244  0.278016
  -1.08453748]
 [ 0.19139249  0.49184594  1.09523913 ...  1.56280013  0.15358987
  -0.5245622 ]
 ...
 [ 0.40300337  0.5143933   1.41139569 ... -1.32965524  2.64985225
   1.91833064]
 [ 2.41673765  0.77886811  1.18710002 ... -0.50375997  2.16372737
   3.00725873]
 [ 1.8426162   1.69061755  0.88699464 ...  1.50487331  2.44990053
   1.83893313]]

