[[ 0.46470399  0.          0.          0.          0.          0.
   0.          0.          0.          0.          0.          0.
   0.          0.          0.          0.          0.          0.
   0.          0.          0.          0.          0.          0.
   0.        ]
 [ 0.          0.37525006  0.          0.          0.          0.
   0.          0.          0.          0.          0.          0.
   0.          0.          0.          0.          0.          0.
   0.          0.          0.          0.          0.          0.
   0.        ]
 [ 0.          0.          0.40133952  0.          0.          0.43777903
   0.          0.          0.          0.          0.          0.
   0.          0.          0.          0.          0.          0.
   0.          0.          0.          0.          0.         -0.70334056
   0.        ]
 [ 0.          0.          0.          0.67151406  0.          0.
   0.          0.          0.          0.          0.          0.
   0.          0.          0.          0.          0.          0.
   0.          0.          0.          0.          0.          0.
   0.        ]
 [ 0.          0.          0.          0.          0.33583155  0.
   0.          0.          0.          0.          0.          0.
   0.          0.          0.          0.          0.          0.
   0.          0.          0.          0.          0.          0.
   0.        ]
 [ 0.          0.          0.          0.          0.          0.31212
   0.          0.          0.          0.          0.          0.
   0.          0.          0.          0.          0.          0.
   0.          0.          0.          0.          0.          0.
   0.        ]
 [ 0.          0.          0.          0.          0.          0.
   0.53070774  0.          0.          0.          0.          0.
   0.          0.          0.          0.          0.          0.
   0.          0.          0.          0.          0.          0.
   0.        ]
 [ 0.          0.          0.          0.          0.          0.
   0.          0.50524809  0.          0.          0.          0.
   0.          0.          0.          0.          0.          0.
   0.          0.          0.          0.          0.          0.
   0.        ]
 [ 0.          0.          0.          0.          0.          0.
   0.          0.          0.55716754  0.26923513  0.          0.
   0.          0.          0.          0.          0.          0.
   0.          0.          0.          0.          0.          0.
   0.        ]
 [ 0.          0.          0.          0.          0.          0.
   0.          0.          0.          0.64440297  0.          0.
   0.          0.          0.          0.          0.          0.
   0.          0.          0.          0.          0.          0.
   0.        ]
 [ 0.          0.          0.          0.          0.          0.
   0.          0.          0.          0.          0.60348296  0.
   0.          0.          0.          0.          0.          0.
   0.          0.          0.          0.          0.          0.
   0.        ]
 [ 0.          0.          0.          0.          0.          0.
   0.          0.          0.          0.          0.          0.38335099
   0.          0.          0.          0.          0.          0.
   0.          0.          0.          0.          0.          0.
   0.        ]
 [ 0.          0.          0.          0.          0.          0.
   0.          0.          0.          0.          0.          0.
   0.7040201   0.          0.          0.          0.          0.
   0.          0.          0.          0.          0.          0.
   0.        ]
 [ 0.          0.          0.          0.          0.          0.
   0.          0.          0.          0.          0.          0.
   0.          0.70574933  0.          0.          0.          0.
   0.          0.          0.          0.          0.          0.
   0.        ]
 [ 0.          0.          0.          0.          0.          0.
   0.          0.72543981  0.          0.         -0.32601252  0.
   0.          0.          0.33584731  0.          0.         -0.31310095
   0.          0.          0.          0.          0.          0.
   0.        ]
 [ 0.          0.          0.          0.          0.          0.
   0.          0.          0.          0.          0.          0.
   0.          0.          0.          0.54537541  0.          0.
   0.          0.          0.          0.          0.          0.
   0.        ]
 [ 0.          0.          0.         -0.27961202  0.          0.
   0.          0.          0.          0.          0.          0.
   0.          0.          0.          0.          0.66141658  0.
   0.          0.          0.          0.          0.          0.
   0.        ]
 [ 0.          0.          0.          0.          0.          0.
   0.          0.          0.          0.          0.          0.61714042
   0.          0.          0.          0.          0.          0.70911811
   0.          0.          0.          0.          0.          0.
   0.        ]
 [ 0.          0.          0.          0.          0.          0.
   0.          0.          0.          0.          0.          0.
   0.          0.          0.          0.          0.          0.
   0.34411501  0.          0.          0.          0.          0.
   0.        ]
 [ 0.          0.          0.          0.          0.          0.
   0.          0.          0.          0.          0.          0.
   0.          0.          0.          0.          0.          0.
   0.          0.64572859  0.          0.          0.          0.
   0.        ]
 [ 0.          0.          0.          0.          0.          0.
   0.          0.          0.          0.          0.          0.
   0.          0.          0.          0.          0.          0.
   0.          0.          0.61721511  0.          0.          0.
   0.        ]
 [ 0.          0.          0.          0.          0.          0.
   0.          0.          0.          0.          0.          0.
   0.          0.          0.          0.          0.          0.
   0.          0.          0.          0.60958896  0.          0.
   0.        ]
 [ 0.          0.          0.          0.          0.          0.
   0.          0.          0.          0.          0.          0.
   0.          0.          0.          0.          0.          0.
   0.          0.          0.          0.          0.40576365  0.
   0.        ]
 [ 0.          0.          0.          0.          0.          0.
   0.          0.          0.          0.          0.          0.
   0.          0.          0.          0.          0.          0.
   0.          0.          0.          0.65014327  0.          0.65098432
   0.        ]
 [ 0.          0.          0.          0.          0.          0.
   0.          0.          0.          0.          0.          0.
   0.27509236  0.          0.          0.          0.          0.
   0.          0.          0.          0.          0.          0.
   0.58977607]]
[[ 0.00000000e+00  0.00000000e+00  0.00000000e+00 ...  0.00000000e+00
   0.00000000e+00  0.00000000e+00]
 [-8.44131995e-01  6.03716379e-01  6.06351019e-01 ...  2.78362308e-01
  -2.84019446e+00 -4.74809288e-01]
 [ 2.38103912e-03 -1.97333916e+00  2.53158437e-01 ... -1.15920493e+00
  -1.36699479e+00  5.22182128e-02]
 ...
 [-1.98880415e+00 -5.99216968e-01 -6.80805220e-02 ... -5.38263069e-01
   1.42051846e+00  7.22660817e-03]
 [-8.14638905e-01  1.12791575e+00  1.81255854e+00 ... -3.84204512e-02
   2.61491871e+00 -3.93985939e-01]
 [ 8.37539798e-01  4.62855069e-01  9.53056205e-01 ... -4.21193913e-01
  -1.62468291e+00  2.88917911e-01]]

