[[ 0.69449071  0.          0.          0.          0.          0.
   0.          0.          0.          0.          0.          0.
   0.          0.          0.          0.          0.          0.
   0.          0.          0.          0.         -0.73906399  0.
   0.        ]
 [ 0.          0.33359009  0.          0.          0.          0.
   0.          0.          0.          0.          0.          0.
   0.          0.          0.          0.          0.          0.
   0.          0.          0.          0.          0.          0.
   0.        ]
 [ 0.          0.          0.38563834  0.          0.          0.
   0.          0.          0.          0.          0.          0.
   0.          0.          0.          0.          0.          0.
   0.          0.          0.          0.          0.          0.
   0.        ]
 [ 0.          0.          0.          0.45629596  0.          0.
   0.          0.          0.          0.          0.          0.
   0.          0.          0.          0.          0.          0.
   0.          0.          0.          0.          0.          0.
   0.        ]
 [ 0.          0.          0.          0.          0.52809994  0.
   0.          0.          0.          0.          0.          0.
   0.          0.          0.          0.          0.          0.
   0.          0.          0.          0.          0.          0.
   0.        ]
 [ 0.          0.          0.          0.          0.          0.47219279
   0.          0.          0.          0.          0.          0.
   0.          0.          0.          0.          0.          0.
   0.          0.          0.          0.          0.          0.
   0.        ]
 [ 0.          0.          0.          0.          0.          0.
   0.35434713  0.          0.          0.          0.          0.
   0.          0.          0.          0.          0.          0.
   0.          0.          0.          0.          0.          0.
   0.        ]
 [ 0.          0.          0.          0.          0.          0.
   0.          0.55737784  0.          0.          0.          0.52971764
   0.          0.          0.          0.          0.          0.
   0.          0.          0.          0.          0.          0.
   0.        ]
 [ 0.          0.          0.          0.          0.          0.
   0.          0.          0.51841001  0.          0.          0.
   0.          0.          0.          0.          0.          0.
   0.          0.          0.          0.          0.          0.
   0.        ]
 [ 0.          0.          0.          0.          0.          0.
   0.          0.          0.          0.57426135  0.          0.
   0.          0.          0.          0.          0.          0.
   0.          0.          0.          0.          0.          0.
   0.        ]
 [ 0.          0.          0.          0.          0.          0.
   0.          0.          0.          0.          0.28355593  0.
   0.          0.          0.          0.          0.          0.
   0.          0.          0.          0.          0.          0.
   0.        ]
 [ 0.          0.          0.          0.          0.          0.
   0.          0.          0.          0.          0.          0.65025704
   0.          0.          0.          0.          0.          0.
   0.          0.          0.          0.          0.          0.
  -0.34772381]
 [ 0.          0.          0.          0.          0.          0.
   0.          0.          0.          0.          0.          0.
   0.28751434  0.         -0.37026958  0.          0.          0.
   0.          0.          0.          0.          0.          0.
   0.        ]
 [ 0.          0.          0.          0.          0.          0.
   0.          0.          0.          0.          0.          0.
   0.          0.31261679  0.          0.          0.          0.
   0.          0.          0.          0.          0.          0.
   0.        ]
 [ 0.          0.          0.          0.          0.          0.
   0.          0.          0.          0.          0.          0.
   0.          0.          0.69922282  0.          0.          0.
   0.          0.          0.          0.          0.          0.
   0.        ]
 [ 0.          0.          0.          0.          0.          0.
   0.          0.          0.          0.          0.          0.
   0.          0.          0.          0.57776944  0.          0.
   0.         -0.63621522  0.          0.          0.          0.
   0.        ]
 [ 0.          0.          0.          0.          0.          0.
   0.          0.          0.          0.          0.74639833  0.
   0.          0.          0.          0.          0.69425405  0.
   0.          0.          0.          0.          0.          0.
   0.        ]
 [ 0.          0.          0.          0.          0.          0.
   0.          0.          0.          0.          0.          0.
   0.          0.          0.          0.          0.          0.52418997
   0.          0.          0.          0.          0.          0.
   0.        ]
 [ 0.          0.          0.          0.          0.          0.
   0.          0.          0.          0.          0.          0.
   0.          0.          0.          0.          0.          0.
   0.61702275  0.          0.          0.          0.          0.
   0.        ]
 [ 0.          0.          0.          0.          0.          0.
   0.          0.          0.          0.          0.          0.
   0.          0.          0.          0.          0.          0.
   0.          0.35608921  0.          0.          0.          0.
   0.        ]
 [ 0.          0.          0.          0.          0.          0.
   0.          0.          0.          0.          0.          0.
   0.          0.          0.          0.          0.          0.
   0.          0.          0.39347546  0.          0.          0.
   0.        ]
 [ 0.          0.          0.          0.          0.          0.
   0.          0.          0.          0.          0.          0.
   0.          0.          0.          0.          0.          0.
   0.          0.          0.          0.32326791  0.          0.
   0.        ]
 [ 0.          0.          0.         -0.59789766  0.          0.
   0.          0.          0.          0.          0.         -0.26722405
   0.          0.          0.          0.          0.          0.
   0.          0.          0.          0.          0.38504648  0.
   0.        ]
 [-0.50883529  0.          0.          0.          0.          0.
   0.          0.          0.          0.          0.          0.
   0.          0.          0.          0.          0.          0.
   0.          0.          0.          0.          0.          0.6268733
   0.        ]
 [ 0.          0.          0.          0.          0.31461653  0.
   0.          0.          0.          0.          0.          0.
   0.          0.          0.          0.          0.          0.
   0.          0.          0.          0.          0.          0.
   0.6035674 ]]
[[ 0.          0.          0.         ...  0.          0.
   0.        ]
 [-0.88702798  1.22279125 -0.092708   ... -2.66708889 -0.78864505
  -0.01386375]
 [-0.17051676 -0.49575658 -0.7203626  ...  0.00710809 -0.59764509
   0.31230893]
 ...
 [ 0.03216317 -0.80283787 -1.29138979 ... -2.55855575  0.83299752
  -1.72900302]
 [ 1.21679693  2.4789526   0.68101999 ... -2.44687881 -0.0700872
  -1.61843346]
 [ 0.7848248   0.76038578  0.01024753 ... -1.98493235  0.38903765
  -1.10713918]]

