[[ 0.69299409  0.          0.          0.          0.          0.
   0.          0.          0.          0.          0.          0.
   0.          0.          0.          0.          0.          0.
   0.         -0.57125376  0.          0.          0.          0.
   0.        ]
 [ 0.          0.69636821  0.          0.          0.          0.
   0.          0.          0.          0.          0.          0.
   0.          0.          0.          0.6326984   0.          0.
   0.          0.          0.          0.          0.          0.
   0.        ]
 [ 0.          0.          0.3910865   0.          0.          0.
   0.          0.          0.          0.          0.          0.
   0.          0.          0.          0.          0.          0.
   0.          0.          0.          0.          0.          0.
   0.        ]
 [ 0.          0.          0.          0.74943226  0.          0.
   0.          0.          0.          0.          0.          0.
   0.          0.          0.          0.          0.          0.
   0.         -0.40213891  0.          0.          0.          0.
   0.        ]
 [ 0.          0.          0.          0.          0.39696305  0.
   0.          0.          0.          0.          0.          0.
   0.          0.          0.          0.          0.          0.
   0.          0.          0.          0.          0.          0.
   0.        ]
 [ 0.          0.          0.          0.          0.          0.29171019
   0.36779391  0.          0.          0.          0.          0.
   0.          0.          0.          0.          0.          0.
   0.          0.          0.          0.          0.          0.
   0.        ]
 [ 0.          0.          0.          0.          0.          0.
   0.33398183  0.          0.          0.          0.          0.
   0.          0.          0.          0.          0.          0.
   0.          0.          0.          0.          0.          0.
   0.        ]
 [ 0.          0.          0.          0.          0.          0.
   0.          0.296403    0.          0.          0.          0.
   0.          0.          0.          0.          0.          0.
   0.          0.          0.          0.          0.          0.
   0.        ]
 [ 0.          0.          0.5759624   0.          0.          0.
   0.          0.          0.57359035  0.          0.          0.
   0.          0.          0.          0.          0.          0.
   0.          0.          0.          0.          0.          0.
   0.        ]
 [ 0.          0.          0.          0.          0.          0.
   0.          0.          0.          0.34043623  0.          0.
   0.          0.          0.          0.          0.          0.
   0.          0.          0.          0.          0.          0.
   0.        ]
 [ 0.          0.          0.          0.          0.          0.
   0.          0.          0.          0.          0.34880743  0.
   0.          0.          0.          0.          0.          0.
   0.          0.          0.          0.          0.          0.
   0.        ]
 [ 0.          0.          0.          0.          0.          0.
   0.          0.          0.          0.          0.          0.31732507
   0.          0.          0.          0.          0.          0.
   0.          0.          0.          0.          0.          0.
   0.        ]
 [ 0.          0.          0.          0.          0.          0.
   0.          0.          0.          0.          0.          0.
   0.32909968  0.          0.          0.          0.          0.
   0.          0.          0.          0.          0.          0.
   0.        ]
 [ 0.          0.          0.          0.          0.          0.
   0.          0.          0.          0.          0.          0.
   0.          0.44645744  0.          0.          0.          0.
   0.          0.          0.          0.          0.          0.
   0.        ]
 [ 0.          0.          0.          0.          0.          0.
   0.          0.          0.          0.          0.          0.56120298
   0.          0.          0.62361797  0.          0.          0.
   0.          0.          0.          0.          0.          0.
   0.        ]
 [ 0.          0.          0.          0.          0.60507298  0.
   0.          0.          0.          0.          0.          0.
   0.          0.          0.          0.44739659  0.          0.
   0.          0.          0.          0.          0.          0.
   0.70643807]
 [ 0.          0.          0.          0.          0.          0.
   0.          0.          0.          0.          0.          0.
   0.          0.          0.          0.          0.27762182  0.
   0.          0.          0.          0.          0.          0.
   0.        ]
 [ 0.          0.          0.          0.          0.          0.
   0.          0.          0.          0.          0.          0.
   0.          0.          0.          0.          0.          0.6092495
   0.          0.          0.          0.          0.          0.
   0.        ]
 [ 0.          0.          0.          0.          0.          0.
   0.          0.          0.          0.          0.          0.
   0.          0.          0.          0.          0.          0.
   0.61788137  0.          0.          0.          0.          0.
   0.        ]
 [ 0.          0.          0.          0.          0.          0.
   0.          0.          0.          0.          0.          0.
   0.          0.          0.          0.          0.          0.
   0.          0.53386599  0.          0.          0.          0.
   0.        ]
 [ 0.          0.          0.          0.          0.          0.
   0.          0.          0.          0.          0.          0.
   0.          0.          0.          0.          0.          0.
   0.          0.          0.58346354  0.          0.          0.
   0.        ]
 [ 0.          0.          0.73795458  0.          0.          0.
   0.          0.          0.          0.          0.          0.
   0.          0.          0.          0.          0.         -0.54229212
   0.          0.          0.          0.47333932  0.          0.
   0.        ]
 [ 0.          0.          0.          0.          0.          0.
   0.          0.          0.          0.          0.          0.
   0.          0.          0.          0.          0.          0.
   0.          0.          0.          0.          0.59886919  0.
   0.        ]
 [ 0.          0.          0.          0.          0.          0.
   0.          0.          0.          0.          0.          0.
   0.          0.          0.          0.          0.          0.
   0.          0.          0.          0.          0.          0.67263983
   0.        ]
 [ 0.          0.          0.          0.          0.          0.
   0.          0.          0.          0.          0.          0.
   0.          0.          0.          0.          0.          0.
   0.          0.          0.          0.          0.          0.
   0.46539161]]
[[ 0.          0.          0.         ...  0.          0.
   0.        ]
 [ 1.50657844  1.35815244  0.69406575 ... -0.54418165  1.12602222
  -1.24108144]
 [ 0.80989572  2.19818346  0.45955315 ... -0.91157144  0.23378371
  -1.06809301]
 ...
 [-1.68297096  1.92817017  0.83354971 ...  0.48652351 -1.80647772
  -1.69071788]
 [-1.38212969  1.22698976  1.22164623 ...  1.1522871  -1.10087746
   2.05181699]
 [-2.4560574   1.91300586  0.81887982 ...  0.68142286 -0.93037332
   3.31380113]]

