[[ 0.          0.5110205   0.7270939   0.          0.34798797]
 [ 0.          0.          0.          0.          0.        ]
 [ 0.         -0.31122547 -0.65606369  0.         -0.53580118]
 [ 0.          0.50967091 -0.56729124  0.4540643   0.        ]
 [ 0.          0.          0.          0.         -0.27406021]]
[[ 0.00000000e+00  0.00000000e+00  0.00000000e+00  0.00000000e+00
   0.00000000e+00]
 [-9.45152934e-01  9.81490249e-01 -7.17380448e-01  1.72031933e-01
  -5.08546342e-01]
 [-1.73105422e+00  7.76098568e-02  8.83481489e-01  5.11037973e-01
   1.50759179e+00]
 [ 1.87536802e+00 -1.41483275e+00 -1.30379222e+00  9.00663953e-02
  -2.86948875e+00]
 [ 2.79465783e-01  6.60188921e-01  2.78591680e+00  1.28326883e+00
   3.96513742e+00]
 [-6.05782039e-01  1.75326883e-01  8.47622053e-02  2.66584898e+00
  -2.04128895e+00]
 [-1.85985822e+00  2.70281327e+00 -2.08853862e+00  2.75483515e+00
   1.37381877e+00]
 [ 7.70979932e-01  7.00246738e-01 -2.42631696e+00  6.39562288e-01
  -7.41102607e-01]
 [-1.22002451e+00  2.17714801e+00  1.72882168e+00  4.42471590e-01
  -1.33311688e-01]
 [-1.29099218e+00 -2.04341126e+00 -3.49371942e+00 -3.82309264e-01
  -2.69791699e+00]
 [ 9.60488477e-01 -1.99005756e-01  1.98346861e+00 -4.39458914e-01
   4.55130314e+00]
 [-1.21339846e+00  1.18804563e+00  5.61913598e-01 -4.42852558e-01
  -3.11672531e+00]
 [-1.46563227e+00 -8.95598955e-01  4.97616245e-01 -7.11549683e-01
  -2.69985026e-01]
 [-8.99616477e-01 -3.20844692e-01 -1.42022261e+00  2.10025827e-01
  -6.33176214e-01]
 [-7.70212701e-01 -7.38616282e-01  1.07651656e+00 -4.85949397e-01
   1.10710382e+00]
 [ 1.12161274e+00 -2.60408626e+00 -1.07974904e+00 -1.61347821e-01
  -8.48107194e-01]
 [-4.67317454e-01  1.09810910e+00  2.32878066e+00 -1.26817793e-01
  -6.39836583e-01]
 [-2.25187313e-01 -1.13790769e+00 -2.14944740e+00 -2.29282793e+00
   2.45785472e-01]
 [ 3.53955186e-01  1.02221021e+00  3.23851797e+00 -1.91935189e+00
   2.79016225e+00]
 [ 7.27006061e-01 -1.17760375e+00  2.45929815e-01 -1.84688659e+00
  -1.68605557e+00]
 [-1.45528464e+00 -1.50875177e+00  1.99457502e+00 -2.17555716e+00
   4.58333837e-01]
 [ 4.62988464e-01 -2.55266806e+00 -2.75337297e+00  5.05276125e-01
  -2.33033993e-02]
 [-7.17779048e-01  1.34555380e+00  7.90954773e-01  5.50447180e-01
   2.09594122e+00]
 [ 4.33302818e-01 -2.97308093e-01 -1.54017906e+00 -6.14982255e-01
  -1.06627462e+00]
 [ 4.78007959e-01  1.73040313e+00 -4.79514176e-01 -5.84509447e-01
   1.97750737e+00]
 [-5.40803814e-02 -6.97977365e-01  2.36106430e-02  1.22013280e+00
  -6.65704532e-01]
 [ 1.56367363e-01  9.71039715e-01 -2.84182465e+00  6.28529922e-01
   1.51199033e+00]
 [-2.35570889e+00  3.19217118e+00  9.53625910e-01  1.70201896e-01
   2.44802846e+00]
 [ 8.13917844e-02 -8.62375061e-01 -2.90436038e+00  1.19146938e+00
  -3.00434599e+00]
 [ 3.23773558e-01  1.73039421e+00  1.57889976e+00 -8.22099959e-01
   1.13204564e+00]
 [ 1.01061375e+00 -7.85839705e-01  5.84967976e-01 -1.75006491e+00
  -1.81798863e+00]
 [-1.55102774e-01 -1.41680701e-01  2.17024693e+00  3.08751059e-01
  -2.94195683e-01]
 [ 1.02630445e+00  3.61878716e-01 -3.50256189e+00  1.58006977e+00
  -1.55574796e+00]
 [-6.95556407e-02  2.10264605e+00  2.22440931e+00  1.17707873e+00
   4.02191551e+00]
 [-3.51324543e-01 -4.97514096e-01 -1.92592104e+00  1.92183651e+00
  -2.77644006e+00]
 [ 4.11343018e-01  5.79778532e-01  1.28122232e+00 -4.13094355e-01
   1.25348484e+00]
 [ 1.62365305e+00 -2.73195208e-01 -1.05874674e+00 -1.95384774e-01
  -3.71145879e-01]
 [ 8.45505446e-02  2.53016602e+00  1.77302018e+00  1.96722608e+00
   1.71207392e+00]
 [ 1.98160850e+00  3.32073361e-01 -1.30408363e+00  8.33169698e-01
  -4.73491085e+00]
 [-4.48530351e-01  1.24426523e+00  2.28599491e+00 -6.94758384e-01
   2.62670023e+00]
 [ 9.78654473e-01 -2.64497805e+00 -2.41988201e+00  1.02753792e+00
  -2.39897831e+00]
 [-7.83928171e-01  1.79041153e+00  2.19628515e+00 -3.97883571e-01
   9.54837197e-01]
 [-1.17298116e+00 -1.55136811e+00 -2.11762934e+00  4.43940046e-01
  -1.24650697e+00]
 [ 1.42475762e+00  1.60973486e+00 -7.05909321e-01 -1.35066017e-01
   4.71658751e-01]
 [-6.79491591e-01 -3.18112157e-01  2.28768443e+00 -6.52810113e-01
   8.86285879e-01]
 [-1.25284864e+00 -1.23894790e+00  1.34095064e-01  7.72511328e-02
  -2.97791658e+00]
 [ 5.47570232e-01  4.46667710e-01 -6.15240154e-01  3.36484316e-01
   1.41237789e+00]
 [-9.24711414e-01  1.22930943e+00  1.26686075e+00  2.57824217e+00
  -1.98584227e-02]
 [-1.64991157e-01  2.67365146e-01 -2.57961644e+00  7.85771961e-01
  -2.87597512e-01]
 [ 7.41718475e-01  1.71641689e+00  2.32844313e+00 -5.79768377e-01
   1.04795216e+00]
 [-1.72539326e-03  6.77059581e-02 -1.90238558e+00  3.76252194e-01
  -1.80935644e+00]
 [-2.88826038e-01  1.06809030e+00  4.21594136e-01  3.54476952e-01
   1.09268279e+00]
 [ 1.13355549e+00  1.05663035e+00 -1.14717315e+00  6.41971037e-01
   7.82035155e-01]
 [-1.90380860e-01  9.83760262e-01  1.02936223e+00 -4.52239024e-01
   1.53591690e+00]
 [ 4.13770317e-01  3.04068658e-01 -1.60580754e-01  4.03815080e-01
  -1.27163390e+00]
 [ 1.90203479e+00  1.01887978e+00 -1.11970313e+00 -1.11565206e+00
  -4.52274079e-01]
 [ 9.54463067e-01  2.16640923e+00  1.29260815e+00  8.79559093e-01
   1.64195021e+00]
 [ 5.05042252e-01 -8.47300655e-01 -9.79761303e-01  1.77907300e+00
   9.79284461e-02]
 [-2.19610497e+00  3.75442505e+00  1.45404118e-02  1.71841356e+00
   8.11401975e-01]
 [ 1.98081273e+00  9.71863333e-01 -1.88265111e+00  1.12089084e+00
  -2.22268096e+00]
 [-2.46449556e-02  2.25256243e+00  1.78335358e+00  7.13611511e-01
   1.29747438e+00]
 [ 2.72015343e-01  7.93072957e-01 -1.77374024e+00 -4.03648606e-02
  -1.73284601e+00]
 [ 1.14669171e+00  1.63186407e-01  1.90369030e+00  1.03062528e+00
   7.84889784e-02]
 [-8.75311974e-01 -1.95627156e-01 -6.13643519e-01  1.52606649e+00
  -1.12351885e+00]
 [ 4.50902001e-01 -4.46714040e-01 -5.35230824e-01 -6.94548422e-02
   8.29658320e-01]
 [ 1.45033020e+00  9.33557516e-02  1.00301213e+00 -1.37003309e+00
   4.69346432e-01]
 [ 1.41074502e+00  8.91535425e-01  5.10708778e-01 -1.98784581e+00
   7.83169969e-01]
 [ 3.03510217e-01 -6.24295259e-01 -7.26925983e-01 -6.57169205e-01
  -5.56093426e-01]
 [-1.11258869e+00  2.12924333e+00  8.23723863e-01 -1.13225777e+00
  -5.99032238e-01]
 [-2.34757176e+00 -9.14984800e-01  4.55954191e-02 -1.23153239e-01
  -1.18503626e+00]
 [-1.01923182e+00 -6.49287603e-01 -2.60962781e+00  7.18817545e-01
  -3.01954089e-01]
 [-1.53920975e+00  7.67865264e-01 -7.41751111e-01 -1.21345105e+00
   2.87356172e-01]
 [ 1.01792915e+00 -2.65504992e+00  1.23828954e+00 -1.55900921e+00
   2.34855203e-01]
 [-9.59486970e-01 -1.05575553e+00  4.49359897e-01 -7.24338324e-01
   2.17920260e-01]
 [-2.50816118e+00 -9.86758070e-01 -1.83058989e+00 -8.90570810e-01
  -9.21511823e-01]
 [-5.92794795e-01 -1.56356739e+00  5.44724693e-01 -1.22977407e+00
  -2.37443475e-01]
 [ 6.20900027e-01 -1.78734765e+00 -1.17377601e-01  2.69485215e-02
  -4.31039396e-01]
 [-2.89504831e-01  2.67752284e-01 -3.40210050e-01  5.88363022e-01
  -4.31286696e-01]
 [-1.59735855e-01  1.76677400e+00 -4.75202263e-01  2.54424442e+00
   2.77399526e-01]
 [ 1.25690478e+00  4.34562330e-02 -3.37833831e-03  1.55428588e+00
   6.84743702e-01]
 [ 1.43478993e+00  2.80845191e+00 -2.16717716e-01  2.98675865e-01
  -1.31622172e-01]
 [-9.28209858e-01  7.52696598e-01  1.39524077e+00 -2.10652712e+00
   1.64908622e+00]
 [ 1.46881400e+00 -1.33931905e+00 -1.66675998e+00 -4.87707505e-01
  -1.23745918e+00]
 [-9.03807456e-01  1.38825958e+00  3.91860136e+00  1.01736275e+00
   5.80726001e-01]
 [-4.12336571e-01 -1.94325707e+00 -4.38084004e+00  3.61498985e+00
  -3.95675529e+00]
 [ 2.60871040e+00  4.13837691e+00  3.11384359e-01  2.15769024e+00
   3.29986259e+00]
 [-1.82246728e+00  1.96494509e+00  1.81855000e+00  1.61792112e+00
   3.84963619e-01]
 [ 2.75249483e-01  2.53209502e-01 -4.75173112e+00 -3.89056539e-01
  -2.39501305e+00]
 [-1.29479498e+00  2.75044893e+00  3.38566296e+00 -1.22117077e+00
   5.51556024e+00]
 [-2.52073613e-01 -7.13437841e-01 -4.22228860e+00  3.52239993e-02
  -3.23565896e+00]
 [ 5.02712878e-01  2.09942645e+00  2.90049177e+00  3.55746043e-01
   2.08156731e+00]
 [ 6.12508012e-01 -8.64920154e-02 -1.65075808e+00 -3.05895755e-01
  -6.51081616e-01]
 [ 1.81781800e-01  2.89661444e+00  1.39836969e+00 -1.46059336e+00
   7.55550419e-01]
 [ 9.31445498e-01 -5.99779839e-01  6.44659728e-01  1.64335180e-01
  -1.47931407e-01]
 [ 2.15574314e-01 -7.01512598e-01  1.64464595e-01 -4.02123271e-02
  -5.25774849e-03]
 [-4.90323907e-01  7.37446155e-01  4.88741556e-01 -1.59964092e+00
   1.22463841e+00]
 [ 1.05322292e+00 -2.39577131e+00  8.85848330e-01  2.13370070e-01
  -5.73644070e-01]
 [-1.43325761e+00 -1.62266305e+00 -3.86145563e-01 -6.67068543e-01
  -4.58327973e-01]
 [-8.38032787e-01 -7.06709827e-01  6.06670719e-01 -8.59357135e-01
  -1.53491637e+00]
 [ 1.48086736e+00  5.59633083e-02  1.79602524e+00  7.29645624e-01
  -1.77631684e+00]]

