[[ 0.         -0.47268566 -0.33572637  0.          0.        ]
 [ 0.         -0.63544728  0.67083942  0.          0.        ]
 [ 0.          0.         -0.52221754  0.          0.        ]
 [ 0.         -0.41419953 -0.38344428  0.3078051   0.        ]
 [ 0.          0.          0.         -0.29643521 -0.7364637 ]]
[[ 0.00000000e+00  0.00000000e+00  0.00000000e+00  0.00000000e+00
   0.00000000e+00]
 [-1.67028934e+00 -1.92183210e-01 -5.72261433e-01  6.36263198e-01
   1.71479938e+00]
 [-1.37428392e-01  1.26155866e+00 -8.57783541e-01 -1.35498170e-02
  -7.97046459e-01]
 [-1.88008411e+00 -8.38239162e-01 -1.51919463e-02  2.26657943e-01
   8.92791647e-01]
 [ 4.96876332e-01  9.38866130e-01 -1.15066390e+00 -1.96488162e+00
  -6.64320146e-01]
 [-2.60885309e+00  8.19818574e-01  4.21632543e+00 -9.25708855e-01
  -9.62456568e-01]
 [-5.79791195e-01  1.17532661e+00  2.14429027e-01 -4.34491333e-01
   1.76756474e+00]
 [ 1.27593723e+00  1.47064259e+00  1.05473273e+00 -1.11731332e+00
   7.34329883e-01]
 [-1.80218001e+00 -2.11555063e-01  1.27000338e-01  8.74446199e-01
  -1.31916643e+00]
 [ 8.35003289e-01  1.69157575e+00  1.51212536e+00 -1.93221769e+00
   6.17959597e-01]
 [ 2.83164266e-01 -7.63023662e-01  8.46203853e-01 -1.46387790e+00
  -1.20439471e+00]
 [ 1.17389670e+00  1.41673754e+00 -1.05160385e+00  4.29252106e-01
   5.65710261e-01]
 [-2.18580025e-01 -3.02254560e+00  2.06351450e+00 -4.06830956e-01
  -1.54847569e+00]
 [ 1.58524732e+00  8.81523812e-01 -2.61018770e+00 -9.81234785e-01
   4.33242930e-01]
 [-6.20737662e-01 -2.68020662e-01  6.23018847e-01 -1.19192033e+00
  -3.98040854e-01]
 [ 1.04181792e-01  1.59160946e+00 -1.40417877e+00  3.31508654e-01
   1.60028172e+00]
 [ 5.29746489e-01 -1.29566680e+00  3.23282403e-01 -9.06032002e-01
  -9.63266677e-01]
 [-1.74654656e-01  3.27648157e-01  5.14198022e-01 -2.04738523e-01
   3.55078062e-01]
 [-9.71600621e-01 -1.05008808e+00 -1.89331079e-01 -7.87414129e-01
   3.66777946e-01]
 [ 5.84715485e-01  1.07135613e+00  7.34067165e-01 -9.24890709e-01
  -7.66379262e-01]
 [-1.65189021e+00 -1.02612593e+00 -5.23609491e-01 -7.71589225e-02
   1.29449027e+00]
 [ 7.98580347e-01  1.83015671e+00 -1.24347757e-01 -7.52122674e-01
  -9.52071907e-02]
 [-1.66857177e+00 -1.75224171e+00 -5.43494240e-01 -1.27997552e-01
  -1.22992642e-01]
 [-5.18609205e-01  3.73266486e+00  5.84753581e-01 -5.41153604e-01
  -5.65898334e-01]
 [ 2.95204761e-01 -1.60778038e+00  2.40881144e+00  9.01205332e-01
   6.98580081e-01]
 [ 2.36397226e+00 -1.45163252e-01 -2.17205296e+00  8.18640121e-01
  -8.80338032e-01]
 [ 2.39553735e+00 -2.32492474e+00 -6.60886943e-01 -5.60279798e-01
   9.19794786e-01]
 [-1.71174342e+00  8.54278127e-01 -1.29890273e+00  9.53081250e-01
  -2.72389158e-02]
 [-5.87949716e-01 -1.41912854e+00  3.08225657e+00  1.37052809e+00
  -1.05735315e+00]
 [ 2.77624828e-02  1.37217363e+00 -2.44269474e+00  7.75961465e-01
   6.57190699e-01]
 [-5.04618190e-01 -1.94848696e+00 -5.16835096e-02 -3.89876434e-01
  -1.12553848e+00]
 [ 1.25434381e-01  2.11913195e+00 -3.70603804e+00  7.19801711e-01
   6.01140775e-01]
 [-9.06556637e-01 -1.04188698e+00  3.53051440e+00  3.76847688e-01
  -1.38968457e+00]
 [ 1.12516628e+00  1.49764619e+00 -1.92757362e+00  1.10554028e-01
   6.79964239e-01]
 [ 4.13950943e-01 -2.23279560e+00  6.54382369e-01  9.28979889e-01
   5.21077426e-04]
 [ 3.16327081e-01  9.53971123e-01  4.25252623e-01  4.36719973e-01
  -1.15200459e+00]
 [-5.97179749e-01 -7.95837277e-01  2.17049820e-01  7.43143017e-02
   2.17648593e+00]
 [ 1.73344219e-01  8.80847245e-01  1.08244534e-01 -1.77277573e+00
  -7.25098511e-01]
 [-7.20863400e-01  1.44988513e+00 -8.57816873e-01 -1.58465634e+00
   8.65506975e-01]
 [ 2.74141803e+00 -3.74491765e-01  2.14974600e+00 -6.02004916e-01
  -1.17118118e+00]
 [-3.71645415e-01 -5.47374387e-01 -2.89314435e+00  7.06070567e-01
   9.31804738e-01]
 [ 2.05837764e+00 -1.72059600e-01  2.53276533e+00  1.83941841e+00
   4.91723164e-02]
 [ 1.79930697e+00 -2.42390809e-01 -2.99553500e+00  4.35105919e-01
  -2.32611463e-01]
 [-1.76038740e+00 -4.03361775e-01 -1.31311610e+00 -9.37555335e-01
   1.28918542e+00]
 [ 1.21172664e+00  1.23547454e+00  2.13586713e+00 -3.81063310e-01
  -1.84217724e+00]
 [-3.71414627e-01 -1.66388693e+00  3.12429027e-01  2.74889953e-01
   1.37341907e+00]
 [-1.39690971e+00  5.73827566e-01 -2.34976345e+00 -3.62203692e-01
   1.91387884e-01]
 [ 1.56509913e+00  9.52337253e-02  2.46767806e+00 -6.51510012e-01
  -1.67911181e+00]
 [-3.97744223e-01  5.78956217e-02 -1.13113069e+00 -3.29602476e-01
   2.62786948e+00]
 [ 7.90677120e-01  3.98764827e-01  5.41412124e-01 -6.50150848e-01
  -2.50704307e+00]
 [ 9.66567964e-01 -1.15091372e+00 -2.78255766e-01  1.72278284e-01
   1.00477811e+00]
 [-1.14312286e+00  6.54417063e-01  3.56149456e-01 -1.18680457e+00
  -4.08980575e-02]
 [-2.65897327e-01  7.54280890e-01 -5.29524106e-01  1.10543796e+00
   1.68680273e+00]
 [ 3.37223466e-01 -4.22665241e-01  6.16069479e-01  5.13158697e-01
  -1.83511119e+00]
 [ 9.02359050e-01 -3.66860345e-01 -9.13544489e-01  2.49225785e+00
   2.57757821e+00]
 [-6.73380187e-01 -1.47793872e+00 -2.10049322e+00 -4.48130479e-01
  -2.56980426e+00]
 [ 4.49492912e-01  2.22072465e+00  3.41161208e-01 -2.93953953e-01
   3.60199213e+00]
 [ 1.17247479e+00 -2.26998760e+00  3.20460156e+00 -1.54522119e+00
  -2.40451537e+00]
 [-4.06175167e-01  3.35881189e+00 -4.26850973e+00  3.35015499e+00
   1.23635234e+00]
 [-1.21146994e+00 -2.96467217e+00  3.62927895e+00  5.43464521e-01
   5.71513147e-01]
 [ 2.11075289e+00  5.45752312e-01 -2.47169951e+00 -2.14262789e-01
  -1.73881535e+00]
 [ 8.00607532e-01  1.16947958e+00  3.69814187e-01  6.95733139e-01
   2.13407857e+00]
 [-2.89742079e-01 -1.13908662e+00 -2.30489000e+00 -5.07661085e-01
  -9.75433232e-01]
 [ 1.27577950e+00  1.19726749e+00  6.89506463e-01 -7.74799268e-01
   1.30389283e+00]
 [ 6.15034580e-02 -1.61164814e+00  9.71879756e-02 -4.01224634e-01
  -2.06240036e+00]
 [ 5.70843099e-01  6.53866166e-01 -1.23648744e+00 -1.16324293e+00
   1.81311818e+00]
 [-1.30716228e+00 -7.13959408e-01  6.97850661e-01 -3.13129320e-01
  -2.41873586e+00]
 [ 1.55956779e-01  7.15672437e-01  1.45531541e+00 -5.82420204e-02
   6.69195154e-01]
 [-1.20984148e+00 -6.39438611e-01 -1.57175219e+00 -1.48943034e-01
  -1.88700170e+00]
 [ 2.76651157e-02  3.19114913e-01  7.75455681e-02 -5.63492520e-01
   5.82319112e-01]
 [-7.73259002e-01  1.27172668e+00 -1.24530155e+00 -2.21042602e-01
  -1.12394658e+00]
 [-1.81293452e-01  9.88656064e-01  2.40803222e+00  5.45716588e-01
  -1.35300450e+00]
 [ 8.29330590e-01 -2.09812727e+00  2.19662414e-01  3.47904047e-01
   1.14765738e+00]
 [ 6.82470415e-01  3.77363652e+00 -2.63985514e+00  1.00570903e+00
  -1.66633355e+00]
 [-7.25485857e-01 -2.47715137e+00  3.16386013e+00  8.45060776e-01
   1.79994549e+00]
 [-2.88454471e-02  2.98102126e+00 -3.13453433e+00 -1.88545726e-01
  -8.08470725e-01]
 [ 6.18575860e-01 -1.01750323e+00  4.27838918e+00 -1.08184285e+00
   2.48479927e+00]
 [ 4.44177737e-01  1.54144862e-01 -3.54635558e+00 -2.95872600e+00
  -2.75880326e+00]
 [ 1.78314762e+00  1.10719473e+00  3.42080457e+00 -1.42090761e+00
   2.33110751e+00]
 [ 1.40852344e+00 -1.58510311e-01 -3.88530474e-01 -1.16612743e+00
  -1.36810014e+00]
 [ 1.54145197e+00 -1.38568160e+00  2.54285677e-01 -1.16215030e+00
   1.84979320e+00]
 [-3.60778397e-01  4.15518150e-01 -9.56702065e-01 -1.63094235e+00
  -2.64460077e+00]
 [-4.70695151e-02  1.70418610e-01  1.40441005e+00 -2.80929743e-01
   2.16079172e+00]
 [ 8.40316214e-01  8.01507608e-01 -1.41696205e+00 -2.25064588e+00
  -2.39335949e+00]
 [-4.95717865e-01  6.54777971e-01  3.29609977e+00  1.10751364e+00
   8.33064020e-01]
 [-6.64451528e-01 -1.06096421e+00 -1.68056635e+00 -2.20531811e+00
  -6.56515549e-01]
 [ 2.26272527e+00  2.91732124e+00  2.61362584e+00  5.86802247e-01
  -1.55335333e+00]
 [ 1.38205297e+00 -3.62982440e+00  8.62098095e-02  1.46996496e+00
   2.79783944e-01]
 [-2.44466525e-02  2.41150641e+00 -3.05450121e+00 -3.56684819e-01
  -9.23362563e-01]
 [-1.18943495e+00  2.73665497e-01  3.31110338e+00 -4.68836068e-01
  -1.55237078e+00]
 [-1.14841631e+00  8.46634347e-01 -2.15951842e+00  2.39071002e-01
   7.61947488e-01]
 [-5.80727900e-02 -3.25680659e-01  1.12203677e+00 -7.79395894e-01
  -5.84971217e-02]
 [-5.06512690e-01  4.24791337e-01 -3.66102084e-01  4.56453394e-01
   1.49164734e-01]
 [ 9.29198299e-01  2.17774371e+00  1.25117451e+00  7.31753401e-01
  -2.47234694e+00]
 [ 2.38666449e-01 -2.31291063e+00 -1.70147502e-01  1.58555218e+00
   1.67578191e+00]
 [ 4.25755946e-02  8.80020653e-01 -1.02057182e+00  2.94710792e-01
  -2.51659586e+00]
 [-3.77003529e-01 -2.28697736e+00  7.37035410e-02  7.72225157e-01
   3.27525486e+00]
 [ 5.83005798e-01  1.03694260e+00 -1.20259924e+00  1.50854865e+00
  -3.11157784e+00]
 [-2.30246897e-01 -1.14682047e+00 -8.83378606e-01  2.49391836e+00
   1.88382634e+00]
 [ 3.07336195e-01 -1.70262117e-02  1.20332501e+00 -8.32949344e-01
  -1.95418734e+00]]

