[[ 0.          0.          0.          0.          0.37848094]
 [ 0.         -0.45375249  0.          0.70171481  0.        ]
 [ 0.28771263 -0.72752248  0.59155866 -0.45146021  0.54077871]
 [ 0.          0.          0.          0.          0.        ]
 [ 0.          0.          0.         -0.64064966 -0.35976043]]
[[ 0.00000000e+00  0.00000000e+00  0.00000000e+00  0.00000000e+00
   0.00000000e+00]
 [ 7.18347363e-01 -5.34581169e-01  9.01099777e-01  2.48964815e-01
  -3.80829381e-01]
 [ 8.95546938e-01  2.54965622e-01  1.63934339e-01 -9.82530734e-01
   1.28984561e+00]
 [ 3.00570236e+00 -6.63377171e-01 -4.26357881e-01 -1.09144171e+00
   1.17719961e-01]
 [-5.09434474e-01 -2.08103762e+00 -8.91729994e-01 -1.54040127e+00
   2.72913077e-01]
 [-6.78755488e-01  1.51560115e+00 -2.81867553e+00 -9.94538361e-01
   6.14619206e-01]
 [-9.22790103e-01  1.03482804e+00 -1.74359302e+00  3.50020349e+00
  -3.11707056e-01]
 [-3.21444513e-01  1.24962607e-01 -8.13348325e-01  8.12024854e-01
  -1.10862252e+00]
 [ 8.22380890e-01  1.10269555e+00 -9.10268939e-01  2.17039251e+00
  -1.21815452e+00]
 [ 1.32330877e+00 -2.02562709e-01 -1.46612498e+00  2.16204538e+00
  -1.18871685e+00]
 [ 9.83442711e-01  3.64014861e-01 -4.04707045e+00  4.85279852e-02
  -5.62003773e-01]
 [-1.91198098e+00  3.53827938e+00 -3.55837344e+00  3.95286339e+00
  -1.35218007e+00]
 [-4.73274336e-01  8.41192923e-01 -1.13718548e+00  4.31322136e+00
  -2.42711626e+00]
 [-5.45476214e-02  5.18876576e-01  4.26013303e-01  4.76175670e+00
   7.65888661e-01]
 [ 1.76185140e+00  4.79949999e-01 -2.12487975e+00  1.60078763e-01
  -1.33886931e+00]
 [-6.17180699e-01  2.87622993e+00 -1.76739410e+00  2.18886888e+00
   7.22740563e-02]
 [-1.23648116e+00 -4.50455118e-01 -1.71617545e+00  1.69609217e+00
  -2.30826362e+00]
 [-1.55823021e+00  1.30539666e+00 -1.91950619e+00  1.27844679e+00
  -2.65357933e+00]
 [ 3.29488409e-01  1.88493002e+00 -1.53997850e+00  2.78337998e+00
  -4.30424642e-01]
 [-3.72689907e-01  1.07932184e+00 -1.21978585e+00  2.40554578e+00
   9.47690128e-01]
 [-1.06360940e+00 -1.46750888e+00 -1.24838394e+00 -1.50956268e+00
  -1.21061993e+00]
 [-1.36617558e+00  1.69142608e+00 -8.54829161e-01 -7.09457930e-01
  -5.39029874e-01]
 [-7.12931445e-01  3.28418315e+00  1.25660331e+00  2.23423094e+00
  -2.73548301e-01]
 [-1.35782899e+00 -2.76009016e+00  1.24317176e-01  1.37432006e+00
  -2.08804582e-01]
 [-3.44924960e-01  1.29549614e+00  8.06491158e-02 -2.92267499e+00
   1.54340180e+00]
 [-4.73386601e-01 -8.86537662e-01  1.16055222e+00  6.52249034e-01
   2.34540958e-01]
 [ 1.39888813e+00  1.35711127e+00  3.33859937e+00 -1.65080171e+00
   1.90278484e-01]
 [-3.90762430e-01 -2.30078444e+00  3.17200135e+00 -1.37281143e+00
   1.82091632e+00]
 [ 1.00177725e+00 -2.43467229e+00  4.55652493e-01 -4.10691191e+00
   2.30094586e+00]
 [-3.65452701e-01  1.29326001e+00  3.52393656e-01 -4.25778783e+00
  -6.58174215e-01]
 [ 2.41566665e+00 -6.52402600e-01 -5.37101050e-01  1.87830369e+00
   1.46612363e+00]
 [-6.18681163e-01 -9.43799490e-02 -1.75744048e+00 -1.42332223e+00
  -1.13857120e-01]
 [-5.99864169e-01  2.17884132e+00 -1.36686188e+00  3.19111408e-01
  -7.42114912e-01]
 [-9.87621599e-01  1.26758761e+00 -1.35431765e+00  3.21203467e+00
   5.67451543e-01]
 [-6.90824183e-01  2.67858993e+00 -7.29725282e-01  2.28796932e-01
   3.82213103e-01]
 [-9.82497125e-01 -1.91727248e+00 -1.60657135e+00  1.18308184e+00
   2.80218532e-01]
 [-1.18432327e-01  2.75319461e+00  5.49518515e-02 -1.92947923e+00
  -2.18980094e+00]
 [ 1.15615421e+00 -2.41920014e+00  8.61807464e-01  3.86961485e+00
   6.11322923e-01]
 [ 1.03161263e+00  2.43208871e+00  1.16627894e+00 -2.14112986e+00
   4.46716637e-01]
 [-5.73214179e-01 -2.00979582e+00 -1.75810049e+00  3.81213655e-01
   2.00427935e+00]
 [-1.05501016e+00  2.27352815e+00 -2.01107528e+00 -2.55241474e+00
   1.30146073e+00]
 [-2.04033246e+00  2.37126684e-01 -3.74690520e-01 -3.95343869e-01
  -3.39875512e+00]
 [ 9.66785166e-01  5.73220641e-01 -2.31599983e-01  2.75526699e+00
  -1.85581603e-01]
 [-3.51066919e-01  9.51286147e-01 -5.99674468e-01  1.55356165e+00
  -1.23174567e+00]
 [-3.77330585e-01  1.86828195e+00 -1.19454705e+00  1.33288850e+00
  -3.33685321e-01]
 [-1.83434285e-01 -9.22128068e-01  6.85938822e-01  1.81923770e+00
   1.40662892e-01]
 [-9.36929410e-01  2.68843365e-01  6.36208641e-01 -1.29584787e+00
  -1.43164470e+00]
 [ 8.88060767e-01 -9.86152973e-02 -1.43855326e-01 -3.64518846e-01
  -2.76071000e-01]
 [-6.99110901e-01 -8.31644680e-01  6.98005038e-02 -6.73464299e-02
  -4.12840161e-01]
 [-5.03003811e-01  1.21935461e+00  6.69695107e-01 -6.85636713e-02
  -1.27827434e+00]
 [ 8.05903989e-02 -2.12310855e+00 -5.96474108e-01  3.00974580e-01
   7.54326351e-01]
 [ 7.78492691e-02  1.60262518e+00 -2.40291243e-01 -1.18179241e+00
  -5.00553219e-01]
 [-1.25076422e+00 -2.93642297e+00  1.24538797e+00  1.69411235e+00
   7.90493450e-01]
 [-1.56711699e+00  1.71506659e+00  9.08168909e-02 -3.51228635e+00
  -6.11163333e-01]
 [-8.91815299e-01 -2.84090518e+00 -5.13123183e-01  1.32224620e+00
   3.42418115e-01]
 [-1.08396839e+00  2.63602610e+00  3.78798216e-02 -1.95194916e+00
   5.47786164e-01]
 [ 2.52552219e-01  1.70576617e-02  8.13782259e-01  1.17911106e+00
  -1.85097984e+00]
 [ 6.61688936e-01 -1.84736005e-01  7.21732190e-01  8.89550372e-01
   4.58299252e-01]
 [ 1.29396970e+00  7.01603101e-01  1.95170182e+00 -2.15845098e+00
   5.45306383e-01]
 [ 1.24219066e-01 -1.70143308e+00  1.83658881e+00  1.39994641e+00
   2.85438798e+00]
 [ 2.17707045e-01 -5.93577856e-01  9.16822504e-01 -3.82268749e+00
  -2.78287657e-02]
 [-6.88679849e-02  1.04929444e+00 -1.46639653e-01 -1.12374369e-01
  -1.22207867e+00]
 [ 7.52931485e-01 -1.55333606e-03  6.71222557e-01  2.95595621e+00
   6.65454175e-01]
 [-1.71026481e+00 -8.02346528e-01 -7.74966660e-01 -1.11958668e+00
  -1.52477966e+00]
 [-1.32296464e+00  6.66438537e-01 -1.40675838e+00  2.03600339e+00
   1.67463138e-01]
 [-3.81083314e-01  1.00109392e+00 -3.72442600e+00  1.30475524e+00
  -2.61465106e+00]
 [-8.29705336e-01  4.78566220e+00 -4.25977539e+00  3.87912123e+00
  -3.21560990e-01]
 [-3.06520638e+00  1.83864014e+00 -2.63601535e+00  5.43329624e+00
  -3.01771281e+00]
 [ 4.43758372e-01  1.09401552e+00 -5.42082647e-01  4.36378592e+00
   1.49982188e-01]
 [ 1.66402526e+00 -1.04056397e+00 -1.27953148e-01  1.04798301e+00
   9.35941152e-01]
 [-2.35575189e-01 -1.16341192e+00 -1.38407903e+00 -2.61562552e+00
   3.57642044e-02]
 [ 1.61661136e+00  3.25219477e-01  4.93339228e-01 -9.61129831e-03
  -7.55658350e-02]
 [ 3.86090566e-01 -3.30626981e-01 -7.07875947e-01 -3.27323068e-01
   1.99155213e+00]
 [-7.35735080e-01  2.15617887e-02 -5.53981168e-01 -1.43606894e+00
  -1.23042795e+00]
 [ 7.64364024e-01  5.98378216e-01 -6.57681014e-01  1.02641952e+00
   7.07358300e-02]
 [ 4.24086989e-01  1.74289535e+00 -2.45657836e-01  1.88176666e-01
  -1.19739681e+00]
 [ 6.48622712e-01 -2.44203025e-01  1.43055380e-01  1.49696151e+00
  -3.91981811e-01]
 [ 1.11563791e+00 -6.18596190e-01 -1.49936278e+00 -7.86987762e-01
   6.24264034e-01]
 [-3.30523910e-01  1.41411829e+00  1.50383832e-01  9.91025775e-01
  -1.56766082e+00]
 [-4.04214760e-02 -2.11201075e+00 -5.39995159e-01  1.18206010e+00
   1.39680978e-01]
 [-8.79051920e-01  7.67451772e-01 -8.10634463e-01 -1.37617995e+00
   5.15713097e-01]
 [-9.99596266e-01  8.08863547e-01 -1.98717854e+00  2.85858220e+00
  -3.11173127e-01]
 [-6.24535945e-01  1.73829004e+00 -3.49007840e-01  2.53382036e+00
  -1.62994885e+00]
 [ 4.77982832e-01  5.47515079e-01  7.89487517e-01  1.34668288e+00
   4.60086972e-01]
 [-6.30308963e-01  4.49656333e-01  1.02625097e+00  1.51658331e+00
  -1.22850460e+00]
 [-5.99521450e-02 -2.60993216e-01  1.47109349e+00  5.14958076e-01
   7.70223672e-01]
 [ 5.81136550e-01 -1.88411154e+00 -5.07144479e-01 -1.48453052e+00
   1.79403583e-01]
 [ 3.47851810e-01  2.67665960e-01 -1.22069191e+00 -2.22546280e+00
  -1.75051850e+00]
 [-1.83962446e+00 -2.45142744e-01 -1.99068409e+00  2.39251145e+00
  -4.94560115e-01]
 [-3.24321114e-02  1.47058684e+00 -1.92079817e+00  2.46287524e+00
   5.06712878e-01]
 [-9.39583317e-01  8.36033992e-01  1.09487285e+00  2.30476283e+00
   3.93200123e-01]
 [ 1.74538265e+00 -2.35737460e+00  4.36925824e-01  3.62071172e-01
   1.56821780e-01]
 [ 5.31127529e-01 -9.84723861e-02  1.84982739e-01 -3.62647397e+00
   1.87213356e+00]
 [ 1.97580635e+00 -1.71816129e-01 -1.88126359e+00 -2.18906853e+00
  -1.57439439e+00]
 [-6.28651827e-01  1.49821772e+00 -1.14073979e+00  1.49773878e+00
   1.81833914e+00]
 [-1.36880828e+00  1.65485550e+00  1.72168820e+00  2.20744048e+00
  -1.37355416e+00]
 [-1.91240443e-01 -1.39812228e+00  1.82963561e+00  1.36654145e+00
   1.03370777e+00]
 [ 6.17239753e-01 -3.04457588e-01  7.92231498e-01 -1.48345023e+00
  -3.25099428e-01]
 [ 1.43008955e+00 -1.58341258e+00 -2.07292234e+00  1.84824518e+00
   4.38333583e-01]
 [ 1.08766044e-01  2.40815123e+00 -1.26730145e+00 -4.67522582e-01
  -1.74237221e-01]]

