[[ 0.          0.          0.          0.          0.68724561]
 [ 0.59577674  0.         -0.42665728  0.          0.        ]
 [ 0.          0.          0.25448912  0.          0.        ]
 [ 0.52603015 -0.51358269  0.          0.51377782  0.34256712]
 [ 0.          0.          0.26543254  0.         -0.69815072]]
[[ 0.00000000e+00  0.00000000e+00  0.00000000e+00  0.00000000e+00
   0.00000000e+00]
 [-3.56856444e-01  7.40635180e-01 -5.98523417e-01 -5.22325415e-01
  -9.70496266e-01]
 [-2.61687013e-01  1.27791249e+00 -7.41950412e-01  3.08108740e-01
   1.36820559e+00]
 [ 1.08550254e+00  7.53451966e-01  4.89491280e-01  4.17722378e-01
   7.46111589e-01]
 [ 5.36096716e-01 -5.68529314e-01  6.42812125e-01 -7.66974780e-02
  -1.12876445e-02]
 [-1.44743725e+00 -6.05519157e-02  9.12523063e-01 -9.81443913e-01
  -3.13387099e-01]
 [-1.69023143e+00  1.62567226e+00  6.86169678e-01  5.75001643e-01
  -1.89383881e+00]
 [ 4.67574946e-01  5.24138937e-01 -3.86473671e-01  6.16514576e-01
   1.22949306e+00]
 [-1.00386713e+00 -7.18969554e-01  1.19419267e+00  6.02772183e-01
  -1.02658074e+00]
 [-5.92252380e-01 -1.73280153e+00 -8.92437575e-01  1.83078734e+00
   3.49309059e-01]
 [-1.80724119e+00 -1.69565760e-01  1.03118664e-01  1.32575698e+00
   1.25758954e+00]
 [ 1.64486948e+00 -5.33790054e-01  6.22615491e-01  6.27956216e-01
  -2.31775787e+00]
 [ 1.04835926e+00  3.41213683e-01  4.01528904e-03 -2.76810222e-01
   1.00712282e+00]
 [-6.39339848e-01  1.51040413e-01  1.15490719e+00  4.40439682e-01
  -2.42441787e-01]
 [ 1.22920830e+00 -1.85977072e+00  1.33911458e+00 -5.39646518e-01
  -1.64827630e+00]
 [-1.79915668e+00 -9.93116329e-01  1.00301858e-01 -2.20385412e+00
   3.94961892e-01]
 [-2.12991753e+00  1.60259187e+00  1.58016272e+00 -2.28046972e+00
  -2.86096638e+00]
 [ 3.14141013e-01 -4.63229973e-01  1.22528371e-01 -4.50028936e-01
   1.41559644e+00]
 [-1.05908232e+00  2.12315666e-01  1.00940480e+00  1.81389061e-01
  -1.01190525e+00]
 [-5.82012860e-01  4.50820953e-01  1.17724034e+00 -1.37571408e+00
  -1.82695206e-01]
 [ 6.51739208e-01 -7.26150163e-01  6.22044070e-01 -1.26633643e+00
  -1.39180587e+00]
 [-1.01272398e+00  1.74225445e+00  5.16939916e-01 -6.20296108e-01
   6.66692011e-01]
 [ 8.90607909e-01 -1.10094055e-01 -8.87010754e-01 -1.46556642e+00
   5.13932943e-01]
 [-8.73821979e-01  5.52900922e-01 -4.04259144e-01  2.67122515e-01
   1.42025628e+00]
 [-8.73577403e-01 -4.04759133e-01  9.48028233e-02  1.01383297e+00
  -3.43005136e+00]
 [ 1.43451123e+00  2.24620649e-01 -2.15056792e-01  1.34662759e+00
   2.41411345e+00]
 [ 7.74808621e-01  6.27524524e-01  7.99165230e-01  1.29938896e+00
   4.51016631e-01]
 [ 2.41636844e+00  1.47262432e+00 -6.97733349e-01  1.10559215e-01
   5.44099267e-01]
 [ 6.92501987e-01  1.61472750e+00 -2.55544932e+00  2.41131820e+00
   1.59728468e+00]
 [ 2.88994631e+00 -2.19267847e+00  4.89003075e-02  4.59632774e-01
   1.51578083e-01]
 [ 6.51011904e-01 -1.01817455e-01  2.34650115e+00 -3.75028614e-01
   1.93786304e+00]
 [-2.74079404e-01  1.04520485e+00  1.84548401e+00  6.58533294e-01
  -1.23489346e-02]
 [-2.45536400e-01 -2.18192129e+00  1.75414781e+00 -2.11347756e-01
  -1.98379814e-01]
 [-9.00782622e-01 -2.36461743e-01  7.30398140e-01 -3.90286346e-01
   3.35440912e-01]
 [ 2.34927466e-01  7.99395404e-01  1.45693956e+00  2.44664843e-01
  -3.94402910e+00]
 [ 7.02777296e-01 -9.29937869e-01 -3.04626791e-01  1.26389506e+00
   3.58652850e+00]
 [-1.01559329e-01  1.73196426e-01  3.12626426e+00  9.88900593e-01
  -3.27886567e+00]
 [-2.61389037e-01 -8.31757975e-01  1.34856282e-01  1.22293536e-01
   2.73441325e+00]
 [ 1.64703674e+00 -1.00473399e+00  1.92956789e-01  7.59658833e-01
  -1.12793793e+00]
 [ 5.85258661e-01  1.29445350e+00  2.78764580e-01 -6.54499468e-01
   1.00986203e+00]
 [ 1.49367038e+00  4.35329062e-01 -6.82907098e-01 -3.50480459e-01
   1.04065854e+00]
 [ 2.08623814e+00 -6.02877341e-01  1.64395008e-01 -4.58880019e-01
  -1.31176603e+00]
 [-9.51141152e-01 -1.19445595e-01 -1.47430130e+00 -4.10803112e-01
   1.51747860e+00]
 [-7.26772284e-02  2.89206994e-01 -6.79290964e-01 -2.49772325e-01
  -1.76506341e+00]
 [-1.54230220e+00  1.08050816e+00  1.01939461e+00  2.69881034e-02
  -2.24128211e-01]
 [ 1.10989570e+00 -1.36444909e+00 -1.67034634e+00  4.35262971e-01
  -2.88179316e+00]
 [-1.21927431e+00 -1.71324322e+00  2.65576045e-01 -6.62817952e-01
   2.31282631e+00]
 [-2.01049467e+00  1.26256267e+00  1.50870492e+00  3.69773296e-01
  -4.72709702e+00]
 [ 1.87234032e-01 -1.28805012e+00 -1.69014881e+00  9.57578192e-01
   1.54181772e+00]
 [-7.48427543e-01  5.32092350e-01 -1.33708094e+00  7.20119927e-01
  -1.34283689e+00]
 [ 1.37771332e+00 -9.34241573e-01 -4.54271826e-01  6.61130741e-01
   2.26590292e-01]
 [ 5.66937355e-01 -1.21871011e+00 -8.53668591e-01  1.51367739e+00
  -2.18063439e-01]
 [-1.65934903e+00  5.18541590e-01  5.95892637e-01 -2.01837987e-01
   2.12681133e+00]
 [ 1.03310213e-01 -1.11872584e+00  1.77286712e+00 -2.79131352e-01
  -3.27308194e+00]
 [ 1.57764616e+00  1.17788821e-01 -1.31909209e+00 -3.80587694e-01
   1.58491585e+00]
 [-7.01446754e-01  2.49672952e-01  7.26270538e-01 -1.53371436e+00
   4.60569173e-01]
 [-9.04500359e-01  2.15891744e+00 -1.18508220e-01 -9.48476484e-01
  -2.49386260e-02]
 [ 1.57633012e+00  1.19767680e+00 -1.02005685e+00 -5.06163187e-01
  -2.09816808e-01]
 [ 1.36881700e+00  9.59310901e-02 -2.10249810e+00 -7.31976652e-02
  -2.03797647e-01]
 [-7.19112854e-01  2.96958838e-01 -4.50136136e-01 -4.15875152e-01
  -2.83433473e-01]
 [-1.46070014e-01 -4.98408375e-01 -2.17433179e-01  3.57655955e-01
   1.18852868e+00]
 [ 1.60687445e-01 -4.41618076e-01  8.57934028e-01  6.46568993e-01
  -7.61832545e-01]
 [ 5.72345215e-01  6.15130082e-02 -1.43524222e+00  1.63411513e-01
   2.64544199e+00]
 [-1.03302452e+00  3.58599739e-01  4.39853155e-01 -4.39134224e-01
  -7.52337814e-01]
 [ 1.00398050e+00  9.33781280e-01 -9.06957627e-01  7.02218098e-01
  -1.29713730e+00]
 [ 9.69806668e-01  4.69884255e-01 -1.63573983e+00  5.36440349e-01
   2.05628020e+00]
 [ 6.22208802e-01 -1.24022971e+00  6.51974152e-01  7.94602642e-01
  -2.06791596e+00]
 [-9.21904694e-01  1.64345730e+00  2.94553576e-01 -6.20456097e-01
   1.74348869e+00]
 [ 2.76508164e-01 -1.31627294e+00 -7.42182672e-01 -6.85753433e-01
  -2.94770836e+00]
 [-1.25752863e+00  1.85643850e+00  2.49605592e-01  1.09401820e+00
   3.00725168e+00]
 [ 4.22383050e-01  1.53297333e-03 -6.20950568e-01 -3.42743771e-01
  -3.10379555e+00]
 [-1.31732370e+00  4.80071946e-01  4.66719163e-01  8.42268616e-01
   2.40749683e+00]
 [-1.04906709e+00 -1.31552394e+00  3.42200160e+00  1.97116322e+00
  -4.03172231e+00]
 [-1.41331589e+00 -2.13438654e+00  3.83838672e-01 -9.84795267e-01
   1.99804733e+00]
 [-1.75363147e+00 -2.16928316e-01  9.74640716e-01 -6.45335697e-01
  -3.12939305e+00]
 [ 1.52034842e-01  2.03553014e+00 -3.84321197e-01  1.76184005e+00
   9.18509532e-01]
 [ 2.13004112e+00 -1.67577773e+00 -4.80032911e-01  8.69673946e-01
   6.85809441e-01]
 [-4.40205759e-01 -7.85294087e-01  8.54602512e-01  1.97702946e+00
   2.15980494e+00]
 [ 7.95543120e-01 -1.99019853e+00  1.48208186e+00 -3.17627580e-01
  -2.62422514e+00]
 [-2.54798004e+00 -1.72539909e+00 -1.56000418e+00  1.46551233e+00
   7.52323249e-01]
 [-5.58107751e-01 -3.21746482e+00  1.23381459e+00  5.70295198e-01
  -7.45253545e-01]
 [-1.05969414e+00  6.08193616e-01  1.35905402e+00  1.12943970e+00
  -3.43379810e-01]
 [ 9.59731204e-01 -2.11877708e+00 -2.36891281e-01  3.92931397e-01
  -4.30848730e-01]
 [-1.08005749e+00  6.38612401e-01  1.33376564e+00  1.05321054e+00
   1.71982206e+00]
 [ 1.82036582e+00  4.27283689e-03  7.47696807e-01  2.26179373e+00
  -3.89985036e+00]
 [ 1.22175241e+00 -2.50046579e+00 -1.36845886e+00 -6.48753515e-02
   3.44909655e+00]
 [-4.10720852e-01 -4.23365324e-01  1.77443564e+00 -2.20337705e-01
  -5.44234180e-01]
 [ 4.07888896e-01  4.77335155e-01  2.00387455e-01 -7.05261616e-01
   5.89895283e-01]
 [ 1.08085483e+00 -3.33493501e-01  4.48541030e-01 -9.58621150e-01
  -3.18672468e-01]
 [-1.52019548e+00 -1.28441357e-01  2.38542799e+00  2.50012159e-01
  -2.41358626e-01]
 [ 8.87629144e-01  3.46029106e+00 -6.74406486e-01 -6.71263682e-01
  -5.06962345e-02]
 [ 2.55755146e+00  1.04702276e+00 -7.85950589e-01 -7.69970070e-01
   3.30951681e-01]
 [ 1.46680920e+00  5.28165339e-01 -3.11634362e+00  7.88834399e-01
   1.90315066e+00]
 [ 8.93134476e-01 -2.43647339e+00 -6.85849937e-01  4.71190208e-01
   3.52470980e-01]
 [-1.02203375e+00 -4.11691417e-01  1.17510438e+00  3.84877769e-01
   1.77218709e+00]
 [ 7.62271156e-01  1.24786342e+00  1.01210545e+00  9.50066005e-02
  -2.46262436e+00]
 [ 2.89363432e+00  1.53210392e+00 -7.29071740e-01  1.30355142e+00
   2.61902318e+00]
 [ 2.32097155e+00  1.32655744e+00 -1.31192193e+00 -7.36446664e-01
   6.79526447e-01]
 [ 5.15771864e-01 -6.76628850e-01  6.53098455e-01  8.14809429e-01
   2.28383158e+00]
 [-4.51006473e-01 -1.32882214e+00 -3.64310173e-01  2.08342730e+00
   2.11279334e-02]]

