[[ 0.37020994 -0.61399606  0.          0.          0.        ]
 [ 0.         -0.40963613  0.          0.          0.        ]
 [ 0.          0.30295527 -0.71323975  0.28761984  0.71112819]
 [ 0.         -0.30177329  0.         -0.66061183  0.        ]
 [ 0.          0.64619256  0.          0.          0.        ]]
[[ 0.          0.          0.          0.          0.        ]
 [ 0.10465492 -1.26557346  0.96080499  0.81411798 -1.32923165]
 [-0.93466803  0.04267906  0.5995908  -1.71965156  0.68592954]
 [-0.74313701  1.62658826  0.05849251  0.77505786  0.7317981 ]
 [-0.25189903  1.45442299  0.10800674 -1.30544867 -0.72200263]
 [-0.59007335 -2.58433443 -0.15340918  0.26366874 -0.96633403]
 [-1.29992445 -0.11368455 -0.2023983   0.71926767 -0.66291108]
 [-1.23599421 -0.20915679 -0.82649183 -0.7166866  -0.39931603]
 [ 0.15341362 -0.05486474  0.34890335  0.93064741 -1.57467344]
 [ 0.89901938 -2.2205019  -1.90941944 -1.37420214  1.02369198]
 [-0.33227772  1.15890857  2.1671441  -1.36534473  0.08294655]
 [-0.0644097   1.43171154 -1.36119869  1.97802769  2.04098662]
 [-0.40772611 -1.1012012   1.61772178 -2.55569898 -0.13232213]
 [-0.5941224   1.48826663 -0.12422662  1.67144661  0.33941163]
 [-2.03420455 -0.68630607  1.45304264 -1.60714763 -0.48940361]
 [-1.48006056  0.64931553 -0.34442331  0.77381215  0.68966321]
 [-1.16301447  3.02180957 -0.84977058 -1.39333418 -2.12706352]
 [-0.58888581 -2.87501711 -1.67347591  0.10600892  0.11357573]
 [ 0.51242827  1.88410622  2.42656309 -0.95181727 -1.03963418]
 [-0.17817595 -0.93049625 -1.07631505  0.58168053  0.15276736]
 [ 1.7706043   0.69485211  1.25440219 -2.52215264  0.81841633]
 [ 0.61818234  0.68403409 -1.95999649  1.68871317  1.33416064]
 [-1.73940077 -0.05467328  0.18081318 -0.68496188 -0.89989352]
 [ 0.79028233 -0.07923544  0.93729643  1.21185731 -0.10489458]
 [-1.43855894 -0.65158047  1.02899081 -2.06297057  1.03807469]
 [-0.83530759  2.51648017  0.07443954  0.4584781   0.29946756]
 [-1.53858912 -1.36839493  0.3273101   0.61671371  1.03552667]
 [ 1.61620631  4.0853051  -3.37451073 -0.0098017  -1.76958758]
 [ 0.19502741 -5.04865829  2.36359952 -0.49977126 -3.46310807]
 [-1.09999981  0.76577623 -2.49889003  1.33890854  1.479751  ]
 [ 1.79528189 -0.1559835   2.06267289 -1.6347301  -2.06024411]
 [ 1.47639201 -1.07137105 -1.89196343  1.9566898   2.8173814 ]
 [ 0.06106222  1.12650727  2.7488445  -1.85858205 -1.55293774]
 [-0.1862868   0.25440193 -0.98245982  0.89931237  2.46940966]
 [ 0.13625392 -0.24645613  0.27276424  1.07586172  0.53806176]
 [ 0.55514471  1.9024824   0.42052023 -0.42045285  0.19426671]
 [-0.08784641 -1.56729753  0.38797604 -1.11109037 -0.81415709]
 [-0.91772134 -0.16720541 -0.05855834 -0.83269111  0.44696792]
 [ 0.31286846  0.58052118  0.47728155  1.17000881 -0.5932213 ]
 [ 1.2034799  -1.18817844  0.12209871  0.28130922 -1.342847  ]
 [ 0.36214594 -1.2162774  -1.10402767 -0.48695643  0.76839622]
 [-0.14200106  0.22513502 -0.19411138  1.76312441  0.098011  ]
 [ 0.50670195 -2.84990706  0.95474164 -0.28056452 -0.80564004]
 [ 0.25505258  2.00656788 -2.28465213  1.49140786 -1.30292284]
 [ 1.49064388 -3.02417685  1.85970109 -1.3262588  -2.59415858]
 [ 0.76525051 -0.76592635 -2.0985938   1.89936376  1.83226916]
 [ 2.03164053  0.23151205  2.74932915 -1.82749563 -1.35311964]
 [ 0.76652691  1.04570328 -1.81525501  3.68891237  1.21788122]
 [-0.32198626 -1.31715217  0.18932996 -3.29623271 -0.23563764]
 [-0.91749568  3.8505152  -0.89792071  2.99488631 -0.04341736]
 [-1.20803654 -2.9340776   0.64936339  0.18224878  0.09272154]
 [-0.96479674  2.43169252 -1.79747631 -0.53209726  1.15343034]
 [-1.60292352  0.53465162  1.68747237 -0.7898421  -2.01980949]
 [-2.92765601  1.11203308 -0.81696999 -0.42665053  0.86154346]
 [-0.90634193  1.79538092 -0.27228908  0.19393115 -1.9111364 ]
 [ 0.45809504 -2.4847577   1.4136038  -0.95073653  0.24834001]
 [ 0.65975805  2.93092471 -1.28997497  1.49582548  2.38452653]
 [-1.02646056 -1.49667929  0.38079945 -1.24327287 -1.45490128]
 [-0.88043072  1.19284334  0.77581975  1.64994211 -0.20676946]
 [-0.42171746 -0.40264614 -1.74668671 -0.28444252  1.94232027]
 [ 0.63714792 -0.04508543  0.43096544 -1.85704223 -0.56211482]
 [ 2.39111689 -0.013021    0.53136841  0.19563209  1.2791506 ]
 [ 0.73929604 -0.56536889 -1.40319661  1.24046314  1.08509444]
 [ 0.38862352 -1.70060774 -1.4677484  -1.54517162 -0.34791146]
 [ 0.57832715  1.12187281  0.41933689  1.04890221 -1.09130903]
 [-0.8015731  -0.79759232  0.23266021 -2.7717553   1.01347995]
 [-0.31698998  2.18025708 -0.54018192  2.90312296 -0.35863556]
 [ 0.18261701 -2.28982941  0.93678109 -2.01595283 -1.52934537]
 [ 0.46756272  1.55300503  0.37395964  2.09935088  1.35627879]
 [-0.86314973 -1.48055229  0.21830599 -0.93728761 -0.04949819]
 [-1.34243448  0.05212005  0.24151384  1.48898173  0.35944364]
 [-2.17657802  1.49229069 -1.64709972 -2.83670627  0.5701484 ]
 [-3.34670312  1.38134629  0.99506466  2.20470863  0.2405348 ]
 [-1.36403849  0.28001383 -3.34687988 -2.35421916 -0.49166792]
 [-1.03831679  0.95180172  2.28531879  2.17211258 -3.8707115 ]
 [-0.27657326 -1.82233804 -0.66877964 -1.20686773  1.4245292 ]
 [ 0.94375246 -0.67837692 -0.59995268  1.57941483 -0.27646904]
 [-0.95280333 -1.24485315  2.49801962 -0.49680662  0.43135577]
 [-0.38548469  0.56428427 -3.21823263 -0.20890128  1.5035168 ]
 [ 0.47152927 -0.30214789  2.02336468 -1.77997068 -2.60949745]
 [-0.10998168 -0.49240893 -0.20521453  0.81904609  2.03273716]
 [-0.7914568   1.98660939  0.10857058 -1.18887499  0.13154791]
 [-1.29765339  0.12251577 -0.59015897  1.2767558  -1.2967669 ]
 [ 0.59012136 -0.07702379  2.31026011 -2.65898676  0.74071441]
 [ 0.36869771  0.73544367 -1.47270513  2.08544683  1.96170166]
 [ 0.72117802  0.61533619  1.26421736 -3.11084422 -2.19877513]
 [-0.48125561 -0.41745581 -0.27604566  1.26884306 -2.81932074]
 [-1.10287419 -2.95211998 -0.34417471 -1.11393449  0.40611359]
 [-0.70100833  2.34633841 -0.55478176  1.63904223  0.39210764]
 [-0.64524548 -1.70754776  0.45803303 -2.42795642 -0.88300557]
 [-0.90028409  1.44858169  0.69728243  1.08949675  0.74050006]
 [ 1.04010751 -0.68038115 -0.80286627 -0.74340753  2.82109548]
 [-2.7044823   0.4195981   1.4839814   0.96632849  0.29668374]
 [-1.66244371  1.42294253 -1.84091946 -0.19986504  1.79023127]
 [-0.90048058  0.628146    1.93667945  0.28018853 -1.14853845]
 [-1.53276797 -1.70789476 -2.07799494 -0.46547808  0.55835734]
 [ 0.4222361   0.68460283  1.02969182  0.48316313 -2.75305007]
 [-0.24479222 -3.23027075  0.22781936  0.22238091  1.54877268]
 [-2.18216452  0.47453341 -1.50814979  0.86946618  0.10837759]
 [ 0.39432829  1.50839427  1.21448923  0.63731046 -1.41127236]]

