[[ 0.36331203 -0.46389225 -0.42118599  0.64963968  0.        ]
 [ 0.          0.54726093 -0.25080603  0.          0.        ]
 [ 0.          0.          0.          0.          0.        ]
 [ 0.          0.36979077  0.          0.          0.        ]
 [ 0.         -0.55194349  0.33551567  0.         -0.46426095]]
[[ 0.00000000e+00  0.00000000e+00  0.00000000e+00  0.00000000e+00
   0.00000000e+00]
 [ 4.42248107e-01  2.60624608e-01  5.78349995e-01 -1.49491109e-01
   3.80247241e-01]
 [ 2.18830446e+00 -6.36707781e-01  1.65867230e-01  8.78629258e-01
  -2.90198021e+00]
 [ 8.16457568e-02  1.13875291e+00 -2.25123512e+00  1.54723384e+00
   1.31918594e+00]
 [-2.33929229e-01  2.24217955e-01 -1.01244092e+00 -5.06627109e-01
  -7.39141053e-01]
 [ 8.67082561e-03 -2.83174004e-02  1.20457325e+00 -5.62665041e-01
  -6.24120846e-01]
 [ 1.96208958e-01 -6.64544748e-01  4.73360069e-01 -1.27174746e-01
   7.18831401e-01]
 [ 1.45918584e-01 -2.32591244e+00  8.97275578e-01  4.56700978e-01
  -5.66076273e-01]
 [-1.11965148e+00 -2.66780640e+00  6.43843941e-01 -1.40139794e-01
  -6.46449756e-01]
 [ 4.68765471e-01 -1.54291699e+00  3.04925327e+00 -7.16570659e-01
   1.04855489e+00]
 [-2.31227701e-02 -9.03651088e-01 -1.91849070e-01  6.90140645e-01
  -1.10209337e+00]
 [ 8.92335597e-02 -1.43826798e+00 -4.03883177e-01 -1.16330078e+00
   9.51117454e-01]
 [ 4.83971871e-01 -1.28149747e+00 -1.42804913e-02 -1.54550724e+00
  -3.61027964e-01]
 [-9.13334419e-01 -6.35040335e-01 -1.26359753e+00  6.99407854e-01
   8.20206901e-01]
 [-4.33624168e-01  7.39042623e-01  1.24264216e+00 -1.59603686e-01
  -2.06786023e+00]
 [ 6.55332327e-01  1.16244845e+00 -2.42764596e+00  6.55325613e-02
   2.57962139e-01]
 [ 1.23442461e+00  8.96671079e-01  1.08513223e+00  2.53507407e-01
   4.23102447e-01]
 [ 2.69616207e+00 -4.91422022e-01 -3.27394941e+00  9.34579042e-01
  -1.21049889e+00]
 [ 2.11522638e+00  3.40755085e-01 -1.12837114e+00  1.78444325e+00
   4.98712465e-01]
 [ 9.20193168e-01 -1.07820803e-01 -1.72286426e+00  8.18715079e-02
  -2.59738005e-01]
 [-3.27186393e-01  1.94529327e+00  1.26391517e+00  3.54392036e-01
   1.76921700e-01]
 [-4.06554119e-01  9.69490996e-01  7.82859065e-01 -1.23702446e+00
   5.72378320e-01]
 [ 2.70936763e-01  1.70789400e+00 -1.72022958e+00  8.39355813e-02
  -1.69431683e+00]
 [ 1.02535801e+00  8.40877688e-01 -1.41171330e+00  3.15496403e+00
  -5.69278070e-01]
 [ 1.61371084e+00  1.06909445e+00 -2.07378430e+00 -1.18782083e+00
  -2.73430895e-02]
 [ 2.30608161e+00 -1.86689082e+00 -1.00563009e+00  8.67739750e-01
  -1.41385733e+00]
 [ 6.22969065e-01 -1.18932165e+00 -1.70047522e+00 -9.51274326e-01
  -1.17701024e-01]
 [-4.74556817e-01 -5.27355060e-01  2.74981840e+00 -3.68117931e-02
  -9.71470735e-01]
 [-2.20682896e-01  4.26962878e-01 -4.95840218e-01 -6.73334477e-01
   3.95171327e-01]
 [-1.27098690e+00  2.54217504e-01 -5.95359740e-01 -8.46756855e-01
  -3.18329899e+00]
 [-7.70582756e-01  1.37080788e+00  3.13068826e-01 -1.34027992e+00
   1.73446790e+00]
 [-1.69547697e+00 -1.04898666e+00  7.93006987e-03 -7.75792761e-01
  -1.70810913e+00]
 [-7.39136374e-01  1.27105801e+00  3.64119487e-02 -1.13688926e-01
  -4.19386806e-01]
 [ 6.00287864e-01  7.66075564e-01  1.13163465e-01 -4.10386177e-01
   5.09380500e-01]
 [-2.34652504e-02 -7.12818727e-01  1.41670418e+00  8.25214951e-01
  -5.44509283e-01]
 [ 7.15070938e-02  1.85723424e+00  1.52944782e+00  1.66024185e+00
   1.03726207e+00]
 [-1.17569937e+00  1.97230289e+00 -7.22625170e-01  9.53093302e-01
  -9.21835835e-01]
 [-1.87206349e+00  2.85175075e+00 -1.88729962e-01 -1.02366120e+00
   2.09409222e+00]
 [ 5.30170342e-02  1.20600623e+00  9.36748060e-01  4.34535455e-01
   2.90981787e-01]
 [-1.10740382e+00  3.57919384e-01 -6.55964533e-02  1.88136729e+00
  -8.12230672e-01]
 [ 4.62630836e-01  3.23511854e+00  2.00371615e-01 -7.93079321e-01
   9.79476204e-01]
 [-2.48308769e-01  3.01289882e-01 -1.24054803e+00 -9.88792478e-01
  -2.80113988e-01]
 [ 1.77355873e+00  2.71995322e-01 -7.84356489e-01 -3.26790105e+00
  -5.01144308e-01]
 [ 6.27603059e-01 -8.63592195e-01 -5.43633389e-03 -1.32440249e+00
  -2.69211711e-01]
 [ 4.33158997e-01 -1.37126767e+00 -1.02326503e+00  6.25484354e-01
   9.16809333e-01]
 [-8.97592830e-01 -1.02534268e+00  9.32812826e-01  8.77295347e-01
   1.05425849e+00]
 [-1.21559061e-01  3.33826425e-01  2.00023818e+00 -4.75663341e-01
   4.96275409e-01]
 [ 6.94850442e-01 -2.37817055e+00 -7.09190646e-01  7.82555042e-01
  -5.20223693e-01]
 [-9.86498583e-01 -1.65578774e-01  5.77511573e-01 -1.45347727e+00
   5.59433985e-01]
 [-1.72467697e-01 -4.68710909e-01  1.04002014e+00 -1.53440232e+00
   1.84324626e+00]
 [ 1.08083393e+00 -2.54150755e+00  7.16859469e-01  1.27767663e+00
  -6.39549020e-01]
 [ 1.14723853e+00 -1.26314166e+00  6.24418425e-01  2.35357330e+00
  -7.72127808e-01]
 [ 1.24181213e+00 -4.53850216e-01  7.47454055e-01 -2.11096969e-01
   2.87805265e+00]
 [-6.00165307e-02 -2.20728355e+00 -9.80259119e-03 -6.15475250e-01
  -1.32094185e+00]
 [-8.12918980e-01 -1.02676431e+00 -5.02963958e-01  1.33560510e+00
   3.02769300e+00]
 [ 1.33685198e+00 -2.59576898e+00  3.40334875e+00  5.96852353e-01
  -3.35808615e+00]
 [ 1.22671787e-01  5.35432355e-01 -1.21920304e+00  1.99338631e+00
   8.20150875e-01]
 [ 9.69727514e-01 -5.86900725e-01  4.41690358e-02  1.22332900e+00
  -1.97107995e+00]
 [ 8.51502847e-01  3.28060176e-01 -1.31901237e+00  2.16180286e-01
   2.53548195e+00]
 [ 7.34968436e-01 -7.02432883e-01 -5.62121190e-01  2.80710822e+00
  -1.59900937e+00]
 [ 9.24906166e-01  1.32466212e+00 -4.58387554e-01  5.86216889e-02
  -1.26794964e+00]
 [ 6.77079606e-01 -1.01726353e-01 -1.60478975e+00 -1.85942747e-01
   2.30010954e+00]
 [ 1.52943388e+00 -1.90167487e+00  1.50217014e+00  3.20698989e-01
  -2.09171064e+00]
 [ 8.62105906e-01 -2.36208637e-01 -6.58687619e-01  3.09384777e-01
   1.49848339e+00]
 [ 9.55057566e-01 -8.29176176e-01  7.16301266e-01  2.10894664e+00
  -1.67102342e+00]
 [ 2.42205316e-01  1.34685276e+00  1.12835259e+00  1.00424306e+00
   2.29505449e+00]
 [-1.44910951e-01  7.12900213e-01 -7.32029582e-01 -1.37834738e+00
  -7.42190688e-01]
 [-9.33524369e-01  1.06050189e+00  1.44786617e+00  7.75571947e-01
  -6.66393519e-01]
 [ 1.24638813e+00  5.45304459e-01 -1.07638774e+00  2.08825068e-01
   2.31504311e-01]
 [ 7.67170464e-01 -1.68646760e+00  1.24975528e+00 -2.58648265e-01
   1.15512629e+00]
 [-5.54673662e-01 -1.29315432e+00  5.03536645e-01  2.22828896e+00
  -1.14773830e+00]
 [-7.08061793e-01  3.72542733e-01  1.58690581e+00  6.65179726e-01
   1.67455206e+00]
 [ 1.24260622e-01 -1.25565099e+00  1.31931429e+00  1.19390386e-01
  -2.17839547e+00]
 [-1.14722713e+00  1.89879487e+00 -8.02634935e-01 -8.74960212e-01
   1.85864217e+00]
 [ 3.62830918e-01  1.14113579e+00 -7.97831792e-01  1.05863713e+00
  -2.09251686e+00]
 [ 1.60419990e+00  2.84848794e+00 -1.31001803e+00 -5.74700665e-01
   2.04196489e+00]
 [ 3.82351147e-01  1.22239926e+00 -3.18380974e-01  1.13727532e+00
  -5.92710854e-01]
 [ 6.88030777e-01  3.64628551e+00 -1.24292271e+00 -1.50176860e+00
   1.13395880e+00]
 [ 9.88241697e-01  1.38414251e+00 -4.20602569e-01  1.73979559e+00
  -1.35320067e+00]
 [-1.10260765e+00  1.07842543e+00 -8.58132891e-01 -5.30077865e-01
   3.56737980e-01]
 [-1.55325579e+00  1.20746873e+00 -5.06896695e-01 -1.08736175e+00
  -9.65378160e-01]
 [ 3.81864212e-01  2.26431548e+00  6.75100059e-01 -1.28491175e+00
  -5.69597989e-02]
 [-8.57181937e-01  4.84765261e-01 -5.58988971e-01 -3.84564376e-01
   1.32255306e+00]
 [-1.07744307e+00 -4.84790207e-01  1.23195033e+00  3.26354593e-01
  -2.43371785e-01]
 [-1.04876254e+00  2.64429468e-01  1.44279907e+00 -1.82831701e+00
   9.70077868e-01]
 [-2.09176057e+00 -2.05882716e+00  1.45918408e+00 -5.11614634e-01
  -1.38608358e+00]
 [-1.79754934e+00  3.53769532e-01  1.34178468e+00 -1.47921528e+00
   2.09886912e+00]
 [-6.20802388e-01 -2.08226506e+00  2.68394126e+00  5.06393578e-01
  -1.27866881e+00]
 [-4.29094649e-01  4.14312845e-01  1.14581867e+00 -1.01549997e+00
   1.42398354e+00]
 [-9.66497088e-01 -1.58304146e+00  7.89014776e-01 -8.86293765e-01
  -2.95053970e-01]
 [-1.12247970e+00 -5.84662817e-01  8.48738019e-01  2.65825788e-01
   1.00285284e+00]
 [-1.40245909e+00 -1.18335069e+00  2.63956375e+00 -7.80692972e-01
   9.76012579e-02]
 [-8.03812693e-02  3.37621242e-01  2.55764676e+00  8.25013167e-01
  -1.00514229e-01]
 [-1.26892674e+00  2.54560375e+00  9.93507328e-01  2.03126783e+00
   1.31462045e+00]
 [-2.61860235e+00  1.58229728e+00  7.34395610e-01 -2.02009983e+00
  -1.04952369e+00]
 [-9.66946442e-01  1.12605427e+00  2.20136384e+00 -1.56431869e+00
   2.91147659e+00]
 [ 2.07844740e-01 -3.19047264e+00  1.52202846e+00 -1.36238723e+00
  -3.29404392e-01]
 [ 1.89063178e-01 -2.53685294e+00  1.65732009e+00 -6.89153304e-01
   6.91881154e-01]
 [-1.08520674e-03 -2.81516473e+00  1.57272753e+00  7.29760906e-01
  -2.74438063e-01]
 [ 3.85998754e-01 -1.78432924e+00 -3.49989719e-01  3.26724978e-01
   1.17775575e+00]]

