[[ 0.36384551  0.          0.         -0.33431316  0.51142923]
 [ 0.          0.31049563 -0.67404375  0.          0.        ]
 [ 0.          0.         -0.65280239  0.          0.        ]
 [ 0.          0.          0.64498694 -0.44483135  0.        ]
 [ 0.          0.         -0.27232927  0.         -0.38752892]]
[[ 0.00000000e+00  0.00000000e+00  0.00000000e+00  0.00000000e+00
   0.00000000e+00]
 [ 8.06698242e-01 -2.58235608e-01 -4.53127832e-02 -4.85681062e-01
   1.42680122e+00]
 [-2.16246686e-01 -4.25094420e-01  4.31396410e-01 -7.28805466e-02
   2.45279292e-01]
 [ 7.19737035e-01  5.61356879e-01  5.17775774e-01  3.87388044e-01
  -3.51539366e-01]
 [ 1.36283137e+00  1.63158016e+00 -1.16352002e+00 -6.03075828e-01
  -1.05416535e-01]
 [ 1.23639661e+00  2.93539412e-01 -1.88774998e+00 -4.48951640e-01
   6.48932864e-01]
 [ 1.35522774e+00  1.32715106e+00 -3.72474244e-01 -6.95545421e-01
  -6.88892693e-01]
 [ 8.98952083e-01 -1.00780560e+00  9.83688029e-02 -7.88997204e-01
   1.87465009e-01]
 [-6.98219649e-01 -2.91809546e+00 -5.08562922e-01  9.32261053e-01
   1.64630456e+00]
 [ 1.27117043e+00 -4.32144424e-01  3.64049354e+00  5.88349708e-01
  -5.59137266e-02]
 [-1.74340782e-01  1.10885061e+00 -9.15305647e-02 -1.20720292e-01
   5.23090234e-02]
 [-5.63564301e-01  1.51738983e+00 -1.57826287e+00  3.20047324e-01
   2.66824347e+00]
 [ 3.85241101e-02  1.49633703e+00  1.03797677e+00  1.23840593e+00
  -1.50910408e-01]
 [ 1.30352377e+00  6.24365681e-02 -1.83780584e-01  1.03910051e+00
  -5.13787042e-01]
 [ 1.82202336e-01 -1.25037589e+00 -7.42810329e-01 -1.39416725e+00
   3.36288049e-01]
 [-1.23914853e+00 -2.32718998e+00  6.09894478e-01 -4.05058785e-01
  -8.47559189e-01]
 [-1.74016724e+00  1.36280098e-01  2.17574615e+00 -1.39355269e-01
  -1.32698356e+00]
 [-6.05687483e-01  2.51217645e-01  6.46448909e-01 -6.32684478e-01
  -6.87340775e-02]
 [-8.28854920e-01 -4.47413532e-01 -1.95788853e+00 -5.79584391e-01
  -2.16822075e+00]
 [-1.09680532e-01 -1.01264141e+00  2.29730147e+00  1.71829036e-01
   1.42834102e+00]
 [ 2.31100189e-01  4.83137959e-01 -1.98624220e+00 -1.82600529e-02
  -4.56691037e-01]
 [-2.36311570e-01 -2.73512224e+00  1.57985622e+00 -1.11119791e+00
  -4.28595205e-01]
 [-5.67705019e-02 -2.90177330e+00  6.25087401e-01  8.32761660e-01
   1.60552038e+00]
 [-1.12297880e+00 -2.17554460e-01  2.56487437e+00 -1.54350457e+00
  -2.38915457e+00]
 [-1.36921116e+00  2.84214947e-01 -1.93997469e+00  7.10511962e-01
  -4.63903288e-01]
 [-1.07870617e+00  2.81429021e+00  1.67075416e+00  1.15164962e+00
  -1.09497145e+00]
 [ 8.47230400e-01  2.15280667e+00 -3.43652733e+00 -2.44604674e-01
  -2.71194684e-01]
 [ 1.43755293e+00  2.21975623e+00  1.42412615e+00 -9.55999978e-01
  -2.70917061e-02]
 [ 1.03059299e+00 -1.17485841e-01 -3.36606210e+00 -1.22882043e+00
   4.59989634e-01]
 [-1.22144598e-02 -1.13332374e+00  4.63048232e-02 -7.61187582e-01
  -1.63695258e+00]
 [-4.91638462e-01 -1.08346586e+00  1.06646652e+00 -1.08080814e-01
   8.72451083e-01]
 [-6.73987382e-01 -5.43699438e-01 -7.61818144e-02  1.05811236e+00
  -4.35149453e-01]
 [ 4.83343485e-01 -4.89773497e-01 -3.13834383e-01 -3.27760843e-01
  -1.38051097e+00]
 [-1.28626811e+00 -8.27731397e-01  9.21647511e-01  4.38954328e-03
  -3.13847622e-01]
 [ 2.70144109e-01  3.26055739e-01  1.53482471e-01  8.58199351e-02
  -1.18201089e-01]
 [ 2.92626856e-01 -5.31580468e-01  5.37004204e-01 -1.49292972e+00
  -1.14196908e+00]
 [-6.86230702e-01 -4.51445669e-01  2.53704810e-01  1.16090005e+00
   1.05179201e+00]
 [ 1.25657497e+00  6.70146783e-01  9.69593391e-01 -2.23741711e+00
  -9.94844011e-01]
 [ 1.32237253e+00  1.71834584e+00 -2.06459284e+00  1.47270395e+00
  -2.00342602e-01]
 [-5.16565912e-01  2.02812327e+00 -8.38950390e-03 -3.25049207e-01
  -6.94891226e-01]
 [-6.14639245e-01  2.04657661e+00 -1.62806915e+00  9.92565984e-01
   1.03079848e+00]
 [ 1.01409415e+00  8.52655913e-01  6.64772586e-01  8.69460303e-01
  -5.59487997e-01]
 [ 1.05148394e-01  5.58030397e-01 -1.48330233e+00 -1.99793243e+00
   9.84596276e-01]
 [-9.45736167e-01 -9.86060137e-01 -1.37148546e+00  8.55584447e-01
  -7.57071672e-01]
 [-1.01784789e+00  2.33205427e-01  3.19175236e+00 -1.86306516e+00
  -1.57977167e+00]
 [ 3.67591738e-01 -5.32333137e-01 -8.83953126e-01  2.38184319e+00
  -2.79119751e-02]
 [ 1.48127850e+00  1.50896053e-01  4.33643565e+00 -9.22765917e-01
   5.01063105e-01]
 [ 7.70823991e-01 -4.58179640e-01 -2.95722793e+00  2.35504472e-01
   6.30269576e-01]
 [ 5.13907576e-01  3.02455856e-01  2.41858995e+00  1.08046331e-01
  -3.97723704e-01]
 [ 3.89379862e-01  5.41681792e-01 -1.64537990e+00 -3.69740461e-01
   6.00399105e-01]
 [-9.85961585e-01 -5.56056222e-01 -1.16948393e+00 -1.27227486e+00
  -3.05453166e-01]
 [-2.88919716e-01 -4.59922643e-01 -2.32416920e-01  1.10779301e+00
   1.16508559e-01]
 [ 6.60959364e-01  2.10322372e-01  9.27643055e-01 -6.99487671e-01
   4.17612208e-01]
 [-6.96407432e-01  9.67196557e-01 -1.12908309e+00  7.24160250e-01
   3.89408193e-01]
 [-1.80451562e+00 -2.46491364e-01 -1.57776804e-01 -9.99299252e-01
  -1.99681473e+00]
 [-1.77251030e+00 -1.42264239e+00 -1.26692916e-02  3.57304243e-01
   3.96773857e-01]
 [-7.27821394e-01  5.81428368e-01  1.19971354e-01  9.97472623e-01
  -2.17240838e+00]
 [ 4.84113032e-02  1.89311888e+00  6.77536682e-01 -9.89740780e-02
  -1.97990374e-01]
 [-7.01554650e-01 -2.24760275e-01 -2.37086382e+00 -9.12500888e-01
  -2.01564670e-01]
 [-1.71685060e+00 -1.20754140e+00  2.34920562e+00 -1.03283992e-01
  -7.89504908e-01]
 [-7.25144334e-01  2.11199452e-01 -1.83420190e+00  3.22596272e-01
  -1.24136055e-01]
 [-3.83044491e-01 -2.60523768e+00  1.03504331e+00  3.37948296e-01
  -2.78651010e-01]
 [-4.39447230e-01 -4.86668095e-01  1.79590248e+00  1.14445351e+00
  -6.92173825e-01]
 [-2.19463712e+00  1.41989442e+00  1.57505303e+00 -3.10909038e-01
  -1.42768915e+00]
 [-8.67736865e-01  2.51485326e+00 -1.70681230e+00  1.37725311e+00
  -4.60226658e-02]
 [ 4.15938185e-01  2.02576117e+00  1.42898589e+00  3.35203801e-01
   5.82268682e-01]
 [-1.33000581e+00  8.29592812e-01 -5.56396668e-01 -1.00667869e+00
  -1.05200047e+00]
 [-2.47779929e-01  1.85306119e-01  3.09877328e-01  8.64179184e-01
   3.29029029e-01]
 [-1.37377761e+00 -1.39306416e+00 -1.47204842e-01  2.12269296e-01
  -1.57878288e+00]
 [-5.02544795e-02 -6.02735375e-01  6.34496897e-01  1.10371968e+00
  -8.60671890e-01]
 [-1.12086393e+00  2.25294924e+00  2.20037070e+00  3.55677374e-01
  -3.01178818e-01]
 [-4.54202516e-01  8.42516178e-01 -2.51224303e+00 -4.92916818e-02
   9.15068893e-01]
 [-2.68953590e+00  3.81131232e-01  1.01652161e+00  5.70922705e-02
  -1.42619903e+00]
 [-1.21410398e+00 -3.18719477e-03 -2.21072006e+00  2.17688838e+00
  -2.23422442e+00]
 [-1.51359111e-01  2.04430137e-02  3.74583922e+00 -1.21074285e+00
  -1.23936193e+00]
 [-2.31456868e+00  4.09720870e-02 -3.17939333e+00 -1.58177280e+00
   4.99286740e-01]
 [ 6.53737353e-01 -3.80540098e-01 -1.95402395e-01  2.08995638e+00
   1.07406676e+00]
 [-2.68806521e-01  4.46198723e-01  1.56951367e+00 -4.40085189e-01
   1.33338187e+00]
 [ 1.18507475e+00 -3.71628351e-01 -2.56634353e+00  1.35239721e-01
  -2.16704549e+00]
 [-1.45629532e+00  8.41092639e-01  3.34728054e+00 -1.80750465e+00
   8.98141143e-01]
 [ 1.09477586e+00  1.16608868e+00 -5.23661948e+00  1.18943203e+00
  -7.03735681e-01]
 [ 1.74607612e+00  7.48184141e-01  2.45418493e+00 -1.05743874e-02
   1.15274225e-01]
 [ 3.02946284e-01 -8.02611831e-01 -2.18650994e+00 -7.22604768e-01
   2.34743465e+00]
 [ 6.60310776e-01  9.80892545e-01  1.68279892e+00  1.94100474e+00
  -9.13932572e-01]
 [-6.50408950e-01  2.74325106e-01 -1.38594701e+00 -1.10094320e+00
  -9.66398236e-02]
 [ 1.00615348e-01  1.99099459e+00  1.73171338e-01  2.86569658e+00
   1.55565317e+00]
 [-1.34383154e+00  1.15575452e+00  6.46671592e-01  1.04333319e+00
  -4.98107730e-01]
 [-4.04834835e-01 -4.86763412e-01 -1.52019900e+00  4.28703150e-01
  -3.12520053e+00]
 [ 2.50717365e-01 -1.43087678e+00  1.98823498e+00 -1.36399737e+00
   6.49739307e-01]
 [-1.53739614e+00 -1.73085391e+00 -1.07816569e+00  2.25036836e-01
   4.42345915e-01]
 [-1.70974045e+00 -2.43594676e+00  1.69819654e+00 -1.23672398e+00
  -1.33301476e-01]
 [-3.01534405e+00 -1.80487131e+00 -1.55435354e-01  2.46588352e+00
  -4.03342130e-01]
 [-2.78351010e+00  8.48847323e-02  1.66492846e+00 -5.90430305e-02
  -2.27038444e+00]
 [-2.24920083e+00  1.04069215e+00 -4.14977214e-01  1.95713337e+00
  -8.03562102e-01]
 [ 5.12330578e-01  2.26683030e+00  2.04535484e-01  5.93502547e-01
   1.45469385e-01]
 [ 1.20278936e+00  9.90592923e-02 -1.87888089e+00  5.13863306e-01
  -8.21141356e-01]
 [ 3.42802806e+00 -2.21504739e+00  8.39203793e-01 -2.16475396e-01
   1.70587638e+00]
 [ 1.90901653e+00 -2.51059160e+00  4.97951260e-01 -2.26784216e+00
  -1.23771325e+00]
 [ 1.00072740e+00 -1.55206137e+00  1.96854312e+00 -7.50460825e-01
   1.22511286e+00]
 [-1.79514802e-01  2.57063003e-01 -2.12594600e+00  8.62359168e-01
  -1.33275466e+00]]

