[[ 0.          0.          0.73584564  0.          0.        ]
 [ 0.         -0.67745325  0.          0.          0.        ]
 [ 0.          0.          0.          0.          0.        ]
 [ 0.27447754  0.         -0.32557275  0.71955866  0.        ]
 [-0.26459948  0.42633131  0.51133405  0.2636318  -0.50929891]]
[[ 0.          0.          0.          0.          0.        ]
 [ 0.42636677 -1.24023285  0.0494559  -0.02333152  0.90487538]
 [-0.06862068  3.25507868  0.62532797 -0.22343128  0.24596273]
 [-2.17870192 -2.93365354 -0.83703554  0.64465035 -0.57268602]
 [-0.3289993   2.43488617 -2.8677045  -0.97443712 -1.57812006]
 [-0.41675762 -2.12700313  0.71113174 -0.42966616  2.84122941]
 [-0.21973138  0.20575157  0.93619222 -1.08381487 -1.19686779]
 [ 0.34520184 -0.96680074 -1.99003482 -1.21027479  1.89417423]
 [-2.00662458  0.71241304  2.19811469 -0.23139134 -1.44245009]
 [ 1.01755207 -0.20804406 -1.78086281  0.04119738 -0.7517133 ]
 [-0.14826969  0.12632584  0.65652816 -1.13957161 -1.02960891]
 [ 0.32039848 -1.17671625  1.02830866 -1.87308586  0.04636361]
 [-1.94755272  1.94082966  0.98656205 -1.19224462  0.52359667]
 [-1.18306417  0.36087233 -0.04788635  0.44235585  1.616719  ]
 [-0.02226895  2.48764023 -1.1312104  -0.38633473 -1.62939859]
 [-0.69279044 -0.65564034 -1.39068722  0.22661359  0.7257311 ]
 [-0.57129625 -0.38395416 -0.14829474  1.02421293 -1.70470585]
 [ 0.71868772  0.57022545 -0.71011187  0.4400315   1.74150783]
 [-2.66911215  0.75335938  0.08738669  0.45629606 -1.34947896]
 [ 0.1217921  -2.02235729 -2.45982575 -1.86480839  1.15559958]
 [-0.90531548  0.9219901   2.04754823 -2.37846321  1.28142329]
 [-1.42456153 -0.86025341  1.00814718  0.34365709 -1.42161496]
 [ 1.67598377  0.31157747 -1.40265126 -0.36830774  1.00327136]
 [ 1.66189976 -0.29984444  1.3512213   0.44366298 -0.73234901]
 [-1.67598512  0.3951172   2.69658544  0.91976226  1.22656518]
 [-1.08211209 -1.3146665  -2.44765952  1.77917288 -0.55735284]
 [-0.44691018 -0.29447367 -2.84281828  0.67037476 -0.75464721]
 [-1.03783348 -1.65874517 -2.63516146  0.67715405  0.71140267]
 [-1.69623066  0.9157609  -1.57676704  1.35281641 -1.70030571]
 [ 1.48492333 -0.77077272 -3.70070667  1.00547293  2.57973337]
 [ 2.01075205  1.24982573  0.94841496  1.22533307 -2.7041373 ]
 [ 0.45404392 -1.74199574  0.07175754  0.03913393  1.10932539]
 [ 0.03250794  2.06171263  0.37112052 -0.32859947 -1.25604606]
 [-0.81535073 -2.06000069 -1.48844083  0.80752893  1.70319569]
 [-1.8031365   1.95249537  0.2082254   1.441593   -1.50093344]
 [ 1.78855802 -1.45847031 -2.50112698  0.69696698  1.88751891]
 [ 0.48955469  1.69068632  3.37011425  0.49158716 -1.22485321]
 [-0.53724477 -0.31509704 -1.26870107 -1.65956989 -0.75938254]
 [-1.71661413 -0.46973049 -0.09855313 -2.38316579  0.47309314]
 [-0.34522109  0.00719168 -0.71241009 -1.64087199 -0.63181098]
 [ 0.03896842  0.19910753  0.39038566 -0.70259168 -0.51280386]
 [-1.12958301  0.36809224 -2.37410196  0.28197739 -0.57719914]
 [ 0.05488053 -0.29038386 -0.40362481 -1.5320705  -0.55437779]
 [-1.37868883  0.64522394 -0.248437   -2.45169988 -0.31884826]
 [ 1.73562708  0.62715249 -0.48677356 -1.60976693  1.74685482]
 [-1.03301399  0.52475836  1.93415592 -0.93484754  0.32813424]
 [-1.06338446  0.58491014 -0.07626128 -1.26998614  0.33780763]
 [-0.21880307 -0.78230166  0.13848622 -2.48173578  1.06800992]
 [-1.3973389   1.61444562  0.55749566 -1.50435441 -1.22052078]
 [-0.36513973 -2.24731103 -2.05214611 -2.01501935  0.95104993]
 [-0.95022246  1.22753207  0.88960894 -0.36713662 -1.40872241]
 [-0.30462315 -1.71366257 -0.84053905 -1.94006772  0.95446162]
 [-1.63451001  1.06370507 -0.44001874 -2.95298131 -2.17958269]
 [ 0.01451083  0.48462258 -1.61943519 -0.42109579  2.08870262]
 [ 0.92852236  0.48467237  2.42888715  1.65053147  1.11564347]
 [ 0.96221739 -0.46695689  1.22346478  2.0859097   0.55330515]
 [-0.11683866 -0.40289298 -1.28238819  1.99489783 -1.18576619]
 [ 1.81619273 -2.40537952 -1.42693188  2.05782181  1.51755286]
 [ 3.04883938  2.63949851 -0.10227714  2.20927995 -1.47353587]
 [ 0.31558653 -3.47872036  2.47850206  1.88886418  0.44370264]
 [ 1.4362774   3.41598757 -0.41865154  2.52084358 -0.9384567 ]
 [ 0.01337651 -2.54795933 -1.45496518  2.95279212 -0.10514777]
 [ 0.77344143  1.7183571  -0.29711746  3.17843515  0.34865984]
 [ 0.45256868 -0.37895003  1.9554176   1.74902543 -0.20919686]
 [ 1.57586072  1.08097055  0.14276535  0.04034115 -0.02780924]
 [ 0.81524826 -0.14442003  0.70477395 -0.21656944  0.83522595]
 [ 0.02776197 -0.89981553  0.00926919  0.9073137  -0.96246324]
 [ 1.86716943  0.50392797 -1.18605753 -0.85385952  1.23136876]
 [ 0.09704086  0.46741831  2.23263375 -0.57554166 -1.34878525]
 [ 1.24774347 -1.24570363 -1.92223849 -0.12224129  0.71400973]
 [ 0.25186676  1.99216157  1.83464127  1.21389518 -1.84445288]
 [ 1.18239347 -0.60513307 -2.67230272  0.73496522  0.93629348]
 [ 0.19355094 -0.52262396  0.80704269  2.94897141 -0.86756733]
 [ 0.02811129 -0.86344395 -0.96091952  0.63488668  0.68681119]
 [ 0.86445179  1.69166905  0.78232153  1.65905857 -1.16283021]
 [-0.27040267  0.14814155 -0.65341669  1.17223477  1.00553918]
 [ 0.18657765 -0.84214507 -0.5192877   1.76760018 -0.38550766]
 [ 0.00430084 -0.24430282  0.01301937 -0.15739505  0.36525361]
 [ 0.42402001  1.05077261 -0.41239707 -0.84376267 -0.68282817]
 [ 1.07110296 -0.71353221 -1.07239487  0.24682718  0.45964676]
 [-0.5697939   1.71173022  2.3290864   3.17016725  0.76226655]
 [ 2.81505311 -1.10235123  0.06915525  2.86595761  0.1557338 ]
 [ 1.40486842  0.19195265  0.16805437  2.50195684  0.64685831]
 [ 0.65098757  0.35339923 -0.81368178  2.6213336   1.05345244]
 [ 1.74074041  0.5559076   0.09122806  1.41440716 -1.24629034]
 [-1.48677606 -0.01905244  0.20180349  0.76363333  2.75171849]
 [ 0.40220485  2.89669632 -1.00332334  2.41355553 -2.19291026]
 [ 0.39210949 -2.87220779 -0.42225151  1.29736511  1.2053045 ]
 [ 0.37419629  1.26871429 -0.04423444  1.6936815  -0.8022137 ]
 [ 0.85834111 -1.38716759 -1.36631142 -0.06326433  0.80890436]
 [-0.48420892  1.80799389 -0.61780827  0.48723608  0.28858303]
 [ 1.39190413 -2.25445573  0.02993104 -1.4751822  -0.1319876 ]
 [-1.25879492  2.03853471  1.1368021  -2.39436578 -1.35814336]
 [-0.16631687 -1.00875814 -1.3868638  -2.19793323  0.25836997]
 [-0.34510353  1.64234715  1.31171558 -0.74082042  0.68567466]
 [-0.74393736 -0.63404642 -0.61551965  0.60960865 -1.18623073]
 [ 0.09950761  0.47364008  0.20111233  1.54724803  1.04172133]
 [-0.10594871  0.53867857  0.67647108  2.85351756 -2.14264024]
 [-1.14795104  0.57461465 -0.80070071  1.88424433  0.01862422]
 [ 0.99722319 -0.25143852 -1.67828603  2.53784795  0.88076086]]

