[[ 0.          0.          0.         -0.37132858  0.        ]
 [ 0.         -0.30068099  0.          0.          0.        ]
 [ 0.65927921  0.          0.66878759  0.59926461  0.        ]
 [ 0.          0.          0.          0.58914505  0.        ]
 [ 0.43555019 -0.58048442  0.          0.31586558 -0.63917295]]
[[ 0.          0.          0.          0.          0.        ]
 [-1.43459707  0.81313911  0.39050315 -0.73622706  0.6154739 ]
 [ 0.54311723  0.76673427 -0.22759867  2.35637202 -1.05672687]
 [-1.82047396  1.61024223 -0.47262133  0.76369235  1.24851948]
 [-0.78818742 -0.54052267 -1.3238498   1.10990162 -1.92426922]
 [-1.43810941  1.3532221  -2.61652918 -0.40857847  1.01383412]
 [-1.26895777 -1.04979279 -0.79299442  0.20535224 -0.32188647]
 [-0.19807919 -1.03393233  1.54722029 -0.5774512   0.31981556]
 [ 3.24792207  1.26121693  2.65026851  0.693152   -0.0674724 ]
 [ 1.37329637 -0.11853978  1.85364682  0.95275402  1.63396379]
 [ 1.00107765 -0.29485611 -0.40658615  1.32116297 -2.39547627]
 [-0.82563742  1.2057276  -1.10489835  0.17528282  0.63341177]
 [-0.21293128 -1.71488787 -0.51629423 -0.43039178  0.1914173 ]
 [-0.38761396  0.18385901 -1.08690052 -2.29791319 -1.83555041]
 [-0.77272349 -0.53670363  1.75980687 -1.95614132  2.45283699]
 [ 1.55123602 -0.72644055  1.43326184  1.61323209 -0.2971375 ]
 [ 1.22511725 -0.80194011 -1.4792382   0.63856827  0.62620574]
 [ 0.81689292  0.63592374  0.67703376  0.88282871 -0.42687744]
 [ 0.1999712  -1.2949517  -0.69217296  2.4104028  -0.88848225]
 [ 1.50259009  0.79624983  0.72287574 -1.11287404  2.01645601]
 [ 1.3377003  -1.17084832 -0.18944089 -0.480305   -3.05711547]
 [-0.36452498  1.45294517  0.05470953 -1.1720445   1.16175244]
 [ 1.02789279 -1.20624602 -0.50839414 -0.86839236 -1.64676572]
 [-1.5752919   0.91728914 -1.35414953 -0.22636948  0.62693805]
 [ 0.21458595 -1.27016959 -1.69115466  1.08087121 -0.0854062 ]
 [-1.67022117  0.37076149 -0.00899824 -0.4777429  -0.68857456]
 [-0.5244614   0.51897208  1.12385658 -0.70527873  1.46342125]
 [-0.15935828 -0.81886275 -0.38711222  0.78939781 -1.83534016]
 [-0.50735627  3.34661912 -0.63931607 -1.47316292  3.87114186]
 [ 2.07359216 -3.86469619 -3.14133428  0.17719224 -2.27743295]
 [-3.16038815  2.60912475 -3.23929424 -3.67677401  1.12331266]
 [-0.63697057 -1.05653609 -1.71778854 -0.88447543 -0.67287828]
 [-0.59852706 -0.10710852 -0.94536457 -1.12675918  0.5415027 ]
 [-1.27507642 -0.22686602 -1.28256421 -1.66414976 -1.5697156 ]
 [-1.59360222 -0.83177707 -0.76722389 -1.64110235  1.20341043]
 [ 0.11758426 -1.03442476 -0.8575655  -2.03921746 -0.27286178]
 [-1.647137   -0.39456106  0.22234752 -2.5257534   0.50719411]
 [ 0.27980816 -3.0856109   0.3527648  -0.66730191 -0.53000086]
 [ 1.77437429  1.18934846  0.99903866 -1.51161139  1.59097586]
 [ 1.34941804 -1.56550729  0.66564846 -0.49364114 -0.87672755]
 [ 0.67666532  1.37346653 -0.7337477   1.74498167  1.16401231]
 [ 0.75203809 -0.39802327 -0.33474805  0.96798094 -1.89660744]
 [-1.32076248  0.61564568 -0.72423515  0.94681184  2.85571351]
 [ 0.02126577 -1.60970133 -0.78156392  0.93422798 -2.52455443]
 [-0.09170377  2.66477351 -1.23725095 -0.65818663  3.19233874]
 [ 2.60438298 -2.20651165 -0.89806205  0.05558883 -3.17198514]
 [-2.1054778   3.53047333  1.00017308 -2.56195429  2.74036489]
 [ 2.10080859 -3.32791221 -0.12409591 -0.76864166 -1.43232479]
 [-2.25562244  1.61049326 -1.77285783 -2.8880193   0.49237247]
 [-1.4762226  -1.58395715 -1.34469631 -2.36716176  0.93769206]
 [-1.78696856 -0.04902307 -0.72738887 -3.18842422 -0.03453492]
 [-0.59799633  2.13559797 -1.9522764  -1.08045875 -1.48716255]
 [-3.63637135  0.75791456 -1.34884135 -1.23449926 -0.57453697]
 [-1.26853011  2.03866985 -1.46580334  0.62209436  1.21342524]
 [-2.35933591 -2.03126381  0.67550552  2.48306192 -1.2504922 ]
 [ 0.39261729  0.56340726  0.95879893  0.80430449 -1.03906434]
 [-0.15131896 -1.14766164  0.27070304  2.30542981 -0.66694784]
 [-1.1115326   1.74238501  0.80686414  2.49710474  1.26170146]
 [ 0.08894764  0.16970442  1.25011291  3.07435437 -0.33987484]
 [ 0.19712813  0.65066338  2.20704192  3.47145634  1.28674988]
 [ 0.94502644  0.05098242  2.21031864  4.19685474 -1.68991216]
 [ 0.83665241  0.06648834  3.01439159  3.04448963  1.02352929]
 [ 0.25086616 -0.91957348 -0.40560185  4.69730506 -0.81566574]
 [ 0.08831114 -0.06022804 -1.73298465  1.11301676 -1.10821917]
 [-2.14538738  2.00760383 -0.09081127  0.29083226 -0.25141799]
 [ 0.4245555  -1.18782938  0.09411166  0.76676477  0.73996442]
 [ 1.67825184 -2.03616438 -1.53568064  0.36964289 -2.6063654 ]
 [-3.25259159  0.60658543 -0.670911   -3.5035359   2.32382181]
 [-0.63107131 -1.93624056  1.05585156  0.08058724 -2.31786559]
 [-1.23229627  2.33875847  1.17529249  1.15106489  3.38599438]
 [ 0.71011291 -3.55347224  1.2675225   1.37932301 -2.63848107]
 [-1.1020732   2.92709064  2.59804262  1.6492425   2.42520083]
 [ 2.36633264 -2.40269804  2.30510387  2.79073517 -1.88303424]
 [ 1.80838173  0.29162125 -0.01820178  1.33592332  2.44877374]
 [-0.34719833 -0.96551937 -0.62638835 -0.08063564 -1.80989523]
 [-1.2768039   1.37376242 -0.05363737 -1.50964428 -0.19182905]
 [-0.15366438 -1.87471192 -0.07799604  0.18848196  0.50133875]
 [ 0.7240585   1.90350703  0.15815286 -0.98600844  0.86070537]
 [-0.63645863  0.42053212 -0.84494847 -0.49106356  0.12693677]
 [-0.14101292 -0.99955924 -0.05106826  1.39238273 -0.63932506]
 [-1.20934152  0.7158688  -0.06491236  0.3727884   0.63273794]
 [ 0.49942855 -2.21252572 -0.25168456 -0.05995687 -0.28546284]
 [ 0.41218965  2.28798159 -1.50170053 -0.93961177 -0.87598246]
 [-3.12164506  1.00851874  1.54662461 -2.24062167  0.20473966]
 [ 2.65800265 -0.96100521  0.88261186  0.58011768  1.017609  ]
 [-0.04883324  0.22995927  0.10931164  0.1457899  -1.07678013]
 [-0.57030517  1.5313714   0.36940252  0.33779557  0.64366187]
 [-0.47170108 -0.02847998  1.95579276  0.49894214 -0.19145565]
 [-1.03311309  1.03373149  2.67855433  1.84670809  1.90061209]
 [ 2.80420307 -2.70156458  2.30240427  6.14051989 -1.19598219]
 [ 1.1814096   0.52967332  1.06535415  4.26088137  0.31009515]
 [ 0.50263101  1.12672809  0.61114615  1.72495259 -0.9681963 ]
 [-1.50344971  0.07020128  1.09726971  1.05281595  0.10998894]
 [ 1.1444051  -0.62007486  1.49234623  0.99848944  0.45977536]
 [ 1.51430886  0.63208005  1.29870542  2.19143932  0.41836851]
 [ 0.74188109  0.42834104  2.07944116  2.11376398 -1.040728  ]
 [ 0.21338616 -1.99134058  1.09679667  1.4112854   2.29131041]
 [ 1.94176319 -0.11043733  0.93191584  2.32543094 -0.94213306]
 [ 0.70953148  0.96510347 -0.53102589  0.30616936  2.02662695]
 [ 0.23661885 -1.80379287  1.16882215 -1.27796375 -1.92721187]]

