[[ 0.31358169 -0.56336004  0.5876725   0.          0.55434548]
 [ 0.          0.35334525  0.          0.          0.        ]
 [ 0.          0.          0.44334965  0.          0.42440183]
 [ 0.         -0.73027954  0.         -0.51434196  0.        ]
 [ 0.          0.41464463  0.          0.          0.        ]]
[[ 0.          0.          0.          0.          0.        ]
 [-1.01250396 -0.18892505 -0.60352383 -0.51482645 -0.57370202]
 [-0.38093263  2.77720789 -0.49761193  0.48209422 -0.1062849 ]
 [ 0.06861962 -0.51671543 -1.20402733  2.71407438  0.07986991]
 [ 1.63223781 -3.44851317 -0.94691642 -0.66391802 -2.15265302]
 [ 0.32313637 -1.87552296  1.14749235  2.40834375 -0.65270816]
 [ 0.84727464 -3.3796801  -0.16685285 -1.62418335  0.01933288]
 [ 1.55676319  0.07952638  0.01398726  1.83974005  1.44011857]
 [ 2.5302927  -1.98054287  1.58390372 -0.97523727 -0.39295322]
 [ 0.22798404 -1.27990687  1.93385193  0.3990704   2.6888321 ]
 [-1.90470735  0.35865468  0.76677699 -0.6259872   1.23638416]
 [ 0.03642991  2.60532358 -1.56787176  0.13052215 -1.85620722]
 [ 0.72729428 -1.23981294 -2.09394852 -1.25678399 -3.17399013]
 [-0.9914861  -1.33978794 -0.04778926  1.85267183 -0.16642095]
 [ 1.56054325 -0.7548427   0.07061658 -1.65150869 -0.57257161]
 [ 0.19416653  0.85405056  0.29884567  2.0596334  -0.01482308]
 [-0.16280799  1.30061485  0.85442116 -1.89111677 -1.87969716]
 [-0.70186092 -0.76820787 -0.77546408  0.35637197 -0.57841284]
 [-0.67133207  1.23475222 -0.29030159  0.03453691 -2.15884407]
 [ 0.04167968 -1.97464048  0.9388511  -1.29622816 -0.44780038]
 [-0.03676768  1.17054035  1.57991348  0.81509602 -1.03522333]
 [-0.4084278  -0.07269002  1.39671303  0.94542003  0.69984607]
 [-0.47780067  0.54505053 -0.5915728  -1.77168143 -0.26715466]
 [-1.17149988  0.72018127 -0.18861474  1.42811667 -1.64147644]
 [ 0.37055935 -3.30379032 -1.23861304 -1.47424181 -0.17075277]
 [ 0.1406599  -0.96056804 -1.20413256  0.35744288 -1.04943474]
 [ 1.58403324 -4.2343104  -0.87489774  0.92443292  0.77862332]
 [ 0.1905672  -4.32616433  2.04666973  0.24010173  0.8141856 ]
 [ 1.08215497 -2.03125467  2.56301938 -1.36850748  0.43262187]
 [ 0.99814447 -0.27632995  2.1988285   1.71865312  1.27094234]
 [ 1.45768706  0.43861309  1.00418809 -2.10230166  2.76796028]
 [-0.40708046  2.04430296  2.39050779  2.68911438  0.48525553]
 [ 0.32572884 -0.9776766   0.10035874 -1.30347982  0.19343129]
 [-0.49740028  0.28466708  1.3081813  -1.26638566 -0.40410146]
 [ 1.51427719  2.03641177  1.3938518   1.86969096  0.51876882]
 [ 0.30359596 -0.65843648  1.17488626 -3.44952438 -0.24436008]
 [ 1.5575954   3.34507076  0.78966587  4.02054813  0.82245534]
 [ 0.03923749 -1.34649286  1.27858453 -1.552538    3.76626737]
 [-0.82572306  1.02628161  0.89992996  1.91335812  1.35999472]
 [ 0.03212111 -0.2683485   0.51670113 -3.302769   -0.52530355]
 [-0.75658375  0.74649004  0.00994806  0.98793372  2.47573083]
 [-0.02398743  1.40293141 -0.32119403 -0.29228466  0.47181183]
 [ 0.68561681  0.60299161 -0.02528292 -1.85640519 -0.06882623]
 [ 1.46508497  1.8805575  -0.69118981  0.9507012   1.17988095]
 [-0.81698833 -0.52076976  0.66250598 -2.30229326  2.29250853]
 [ 1.31306297  4.29473382 -0.84870217  1.47667552 -0.23877694]
 [-1.80659172 -0.42715506  0.72540093 -0.69966701 -0.42822285]
 [-0.85896243  2.76290464 -0.7010553   0.8584414  -1.30021887]
 [ 0.57800852  0.14621995 -1.06743241  1.69177376 -1.63599226]
 [ 0.18111856 -1.02700983  0.24039961 -0.92656282  1.22062449]
 [-0.48337794 -1.89885898  2.93563757  0.14411943  0.29977135]
 [-0.31362378  0.33773444  1.69796477 -1.02432975  1.58669909]
 [-1.0370352   1.51193496  0.9995419   1.71616082 -0.95809581]
 [-2.59231023  0.51499528  1.23931469  0.96140104 -0.62154892]
 [-1.02900133  1.46311061 -1.33797559  1.38476659 -2.31641598]
 [-0.30812433 -1.25831281 -0.33523417 -1.1877632  -1.18642253]
 [ 1.6056004  -2.26308641  0.92648124  0.90296134 -1.50170974]
 [-0.23134524 -2.90692617  2.29125186  1.14930311  0.75010457]
 [ 0.01302587 -1.3453774   2.60830345 -0.89969217 -0.11858734]
 [-0.98814053  1.87067695  3.25514844  0.79618223  1.76260179]
 [-0.28969944  1.50106378  1.61923049 -0.84009256  0.94683421]
 [ 1.31791311  1.28102813  1.91266986  0.97305629  0.43584617]
 [ 0.10333292 -2.07607638  1.64624349 -1.01673481  2.06410752]
 [ 0.93890974 -0.24635024  1.3748584   0.46356178  0.98423313]
 [ 0.92692736 -2.46627105  1.60902986 -0.53062587  1.26438545]
 [-0.60717229 -0.36967639  0.6389937  -0.43820352  1.4092139 ]
 [-0.07742292  0.34563465 -0.62295566  1.13597589 -0.12698722]
 [-1.224807   -1.55956183 -0.14631508 -0.96536649 -0.28864831]
 [-1.39204914  0.64783949 -0.95499652  0.64734576 -1.27821665]
 [-1.30798299  0.67471548 -0.49499554  1.18519268 -1.94033975]
 [-1.50587818 -0.2607737  -4.28914165 -0.87943782  0.33203769]
 [ 0.59805559  0.70245395 -4.09464357  0.98044519 -4.10749553]
 [ 1.55292749 -2.10808978 -2.2883965   0.39057323 -1.07184235]
 [ 1.07656693 -1.19205692  1.06192283  0.52335692  0.53042665]
 [-0.68387108 -1.02166145 -0.52626041 -0.41666712  0.73877445]
 [-0.47388257 -0.71532304  0.22392916  1.05315206  0.90849407]
 [-0.06641186  0.70068533  0.72799473 -0.06574845 -0.53184951]
 [-1.14969919 -0.84732213  0.35657046 -0.11341115 -2.59466852]
 [-0.51967655  0.97111857 -1.18207467  1.04838315  0.33774236]
 [ 0.27834637 -0.33114191 -1.1209883  -2.18792798  0.76129692]
 [ 0.04218438  2.45310891 -1.44820839  2.93627107 -1.70334364]
 [ 0.26416244 -2.90496916  1.3758889  -2.68092051 -0.30622698]
 [-0.28894872  0.58520892  0.84355591  1.84660719 -0.31340502]
 [ 1.0895034   0.18425906 -0.86762891 -1.44763642 -0.26223631]
 [ 0.83299762 -1.01600308  1.18332151 -0.73970995 -0.91504614]
 [-0.32351366 -2.35013296  0.85491563  0.08672806  3.16417118]
 [-1.89730718  1.43838875  0.18923395 -0.60010607  0.36494934]
 [ 0.55038049  2.12034204 -0.06691217  0.67031577  0.15985819]
 [ 0.09277469  1.28032603  0.05039935 -1.51406946  0.91309297]
 [ 0.74862288  0.35474351  1.14162421  0.01990265 -1.54632091]
 [ 1.25607234 -0.94409598  0.92774976  0.27078154  0.85582564]
 [ 0.76943667 -1.43953109  1.20637363  2.49184206  1.60585092]
 [ 1.27378145 -2.23632348  2.25396221 -1.13229252  1.92009904]
 [-0.22372322 -0.83497155  2.21602819  0.18513818  0.91800913]
 [-0.07271847 -0.7675969  -0.38789916  0.7730068   0.30198447]
 [-1.18590371  0.04613156  0.74303933 -0.52935348 -1.78461948]
 [-0.78067979 -0.04933281 -0.39982328  0.41804408 -0.90306463]
 [ 0.96068091 -0.50964351 -1.64749551  0.78684567  0.18052017]
 [ 0.05632622 -0.11859439  0.89227138  0.26201356 -0.66536801]
 [ 0.0579382  -0.05595587  0.66272295 -0.70611469  0.31001172]]

