[[ 0.25  0.25 -0.25 -0.25]
 [-0.25  0.25 -0.25  0.25]
 [ 0.25 -0.25  0.25 -0.25]
 [-0.25  0.25  0.25 -0.25]]
[[ 0.00000000e+00  0.00000000e+00  0.00000000e+00  0.00000000e+00]
 [-1.27362554e-01  7.91118897e-01  3.90081528e-01  5.42160682e-01]
 [-2.23303307e+00  1.64665256e+00 -1.11123920e-01 -3.72868256e-02]
 [-1.02238616e+00  3.58396309e-01 -3.51426902e-03  1.36922318e+00]
 [-1.74943790e+00 -5.54919254e-01 -3.87473798e-01 -2.30911379e+00]
 [ 3.56697892e-01 -4.38945380e-02  4.68458425e-01  1.34131031e+00]
 [-9.03828779e-01 -1.17151124e+00 -5.39587661e-01 -5.67591850e-02]
 [-6.68615140e-01 -1.57839309e-01  1.07207272e-01  8.91706103e-01]
 [-1.75580510e+00  6.66104002e-01 -2.48743963e+00 -4.53608552e-01]
 [-1.74607335e+00 -2.27283041e-01 -4.54722321e-01  9.98145699e-01]
 [-6.29866043e-01  2.38826771e-02  1.38068668e+00  7.91614517e-01]
 [-5.11815735e-01 -1.09221875e+00  2.23475284e+00 -2.10335217e+00]
 [ 8.34472836e-01 -1.94901613e+00  6.33310433e-01  1.20798739e-02]
 [ 2.53122385e+00 -1.84448592e+00  3.83546089e-01 -6.75838052e-01]
 [ 2.27990151e+00  8.46813771e-01  2.59202451e-01 -2.61823862e+00]
 [ 1.11484107e+00 -3.12179790e+00 -1.67632956e+00 -3.45816114e-02]
 [-3.89989420e-01  1.03274052e+00 -9.49977021e-01 -1.64506438e+00]
 [ 6.26902233e-01 -7.73823759e-01  2.13593946e-02  5.95887700e-01]
 [ 1.12771392e+00  9.92271958e-01  2.88283264e-01  1.15510103e-02]
 [ 1.86873838e+00  1.23781962e+00 -5.58043023e-01 -1.04508508e-01]
 [-3.02046603e-01 -2.78471275e-01 -4.06871013e-01  2.14187901e+00]
 [-1.28197397e+00  6.20244523e-01 -6.20680824e-01  1.43238382e+00]
 [-1.26267038e+00  1.08783843e+00 -1.39524255e+00  6.64982085e-01]
 [-1.62583818e-01  1.35434300e+00 -5.68564888e-01  1.84451829e-04]
 [-2.13647398e+00  2.26788166e+00  9.66938886e-01  4.72917875e-01]
 [-1.29012093e+00  7.26033503e-01  7.72216362e-01  2.51517432e-01]
 [-1.86809172e+00  8.10509231e-01  2.94910938e+00  1.69198646e-01]
 [ 2.00539392e+00 -6.89513378e-01  9.52632426e-01 -3.35487184e-03]
 [ 2.86036113e-01 -1.88807801e-01  8.22104099e-01 -3.66490939e+00]
 [-2.44918106e-01  5.17153832e-03 -5.99561240e-01  6.17596165e-01]
 [ 2.15651377e-01  9.86592946e-01  1.23524089e+00  1.03968681e+00]
 [ 1.98121595e+00 -5.04453242e-01  3.69449458e-01  1.80433490e+00]
 [ 1.44165142e+00 -5.60449257e-01 -6.60096779e-02  1.61350638e-01]
 [-3.09211149e-01  1.51817380e+00 -1.41169355e+00  8.38911849e-01]
 [-2.45363026e+00  1.50328039e+00 -1.05811899e+00  2.21161908e+00]
 [-2.23248818e+00  2.93085822e-01  3.62073907e+00 -8.05450939e-01]
 [ 5.70406318e-01 -2.02339746e+00  1.24654969e+00  1.15068449e+00]
 [-5.34848233e-01 -6.28098950e-01  1.17927294e+00 -2.42106175e+00]
 [ 8.57568595e-02 -6.55501934e-01 -2.56074554e-01  3.10191443e-01]
 [ 1.82160468e+00  8.06848880e-01  1.12754989e-01  7.56379805e-01]
 [ 4.18411567e-01  1.95086869e+00  4.10493502e-01 -1.11307241e-01]
 [-5.93749035e-01 -4.41484644e-01  2.62213162e-01 -7.65435712e-01]
 [ 4.69352442e-01 -5.95425260e-01  1.59585074e-01  3.59061388e-01]
 [-5.71118997e-01  4.58936859e-01 -5.53339708e-01  8.02778730e-01]
 [-3.84754447e-01  2.33393310e+00 -2.27355050e-01  1.11664623e-01]
 [-6.95389575e-01  6.72943145e-01 -7.39132940e-01 -7.40892334e-01]
 [-1.20730444e+00 -9.81356013e-01  6.16419984e-01  1.00109242e+00]
 [-1.65756756e+00 -2.29323722e+00  2.28857644e+00 -3.57037074e-01]
 [ 6.42251591e-01 -3.86293781e-01  1.92826067e+00 -4.38831828e-01]
 [ 1.82654103e+00 -2.81223595e+00  5.36257871e-01 -1.25466343e-01]
 [ 1.16511923e+00  4.77176497e-02  8.23277949e-01 -6.14162957e-01]
 [-4.68130219e-01  1.17363219e+00  5.48585625e-01  4.13813649e-01]
 [ 1.15784702e-01 -3.99744638e-01 -1.15098652e+00 -1.32699316e+00]
 [ 2.87483785e-01 -8.21206199e-01 -6.56398038e-01  1.99031429e+00]
 [-8.28737045e-01  2.44577770e-01  1.46318444e-01 -9.82192295e-01]
 [ 3.59633687e-01 -1.33799948e+00  5.17650130e-01  1.68313298e+00]
 [-2.84225875e-01 -9.39383633e-01  5.26543380e-01 -2.08998702e-02]
 [ 1.07637082e+00 -9.30858091e-02 -5.90549978e-01  9.00064829e-02]
 [ 1.51117475e+00  7.28005208e-01 -7.91036683e-01  7.35076409e-01]
 [-5.41353311e-01  2.68098845e-01 -8.09616363e-01  8.68887420e-01]
 [-7.80516528e-01  6.64661071e-02  6.81025849e-01 -3.66902585e-01]
 [ 1.12361264e+00  8.28172144e-01 -1.77728817e-01 -1.07670851e-01]
 [-5.93291892e-01  1.87467760e+00 -9.58117423e-01  1.67588795e+00]
 [-9.48338385e-01  1.47966284e+00 -2.66214192e-01 -1.73861394e+00]
 [ 3.25286889e-01 -8.48608866e-01 -7.77225245e-01 -1.92553999e-01]
 [ 3.90152712e-01  1.55245086e+00 -8.64556954e-01  4.44252414e-01]
 [-1.88916073e+00  7.95225034e-01 -2.43783610e+00  1.38276915e+00]
 [-4.51566505e+00  1.09401794e+00  7.73426214e-01  5.46729643e-01]
 [-3.21839949e-01 -2.49255213e+00  1.51132138e+00  1.79859039e+00]
 [ 5.53477373e-01 -1.22721114e+00  1.11707151e+00 -1.62691305e+00]
 [ 1.53277665e+00 -1.16981683e+00 -1.10734915e-01 -5.82741403e-01]
 [ 1.02951794e+00 -2.21044578e-01 -1.40180399e+00 -1.36808565e+00]
 [ 3.25262333e-01 -2.59797311e-01  7.91237705e-02 -1.30365991e-01]
 [ 9.47933566e-01 -5.62993056e-01 -8.53570359e-01 -6.61161956e-01]
 [ 1.39005071e+00  3.09813780e-01 -1.32931069e+00 -9.83612324e-01]
 [-3.02237254e-01  1.16645656e+00  9.15625255e-01  1.77363724e+00]
 [ 1.06848228e+00  1.83054020e+00 -8.76550632e-01  2.35141431e+00]
 [-7.21461299e-01  8.38370440e-01 -1.92708384e+00 -7.34688211e-01]
 [-1.35327040e+00 -2.64034306e-01 -5.53930856e-01  5.39588113e-01]
 [-6.21844662e-01 -6.46084566e-02  7.47470029e-02  1.50901135e+00]
 [-1.03464375e+00  8.83715247e-02  3.53574577e-01 -1.07368377e+00]
 [-1.81089608e+00  5.96599941e-01  6.42227964e-01  1.53937817e-01]
 [-6.05331661e-01 -7.85229677e-01  1.07055754e-01  2.12780588e+00]
 [ 1.18067294e+00 -1.00696759e+00  7.12491419e-01  6.35742385e-01]
 [ 1.59711524e+00 -3.78368711e-01 -2.20100280e-01 -2.06389765e+00]
 [ 1.46894461e+00 -8.98804009e-01 -4.34627838e-01  9.14792816e-01]
 [ 9.37410325e-01  9.87354797e-01 -1.00081500e+00  1.12949233e-01]
 [-1.54844305e+00  1.17848469e+00 -1.94304182e+00  2.93057622e-01]
 [-3.63168489e-01 -9.57551691e-01 -1.03965695e-01  1.84923563e+00]
 [ 1.98194429e-01 -5.86915093e-01  3.81908888e-01 -2.23923408e+00]
 [ 2.90190408e+00 -1.69614199e-01 -2.29248184e-01  2.60603474e+00]
 [ 6.57468034e-01  1.62044920e+00  1.73274246e+00  1.77242218e-01]
 [ 4.23737411e-01  3.04030453e-03 -5.34505042e-01  2.98064578e-01]
 [ 9.65725301e-02  2.00347473e+00 -8.24221085e-01  6.43626598e-02]
 [-1.95580766e-01  1.90129772e+00 -5.83996058e-01  3.59228490e-01]
 [-1.80545116e+00 -9.82503257e-02 -2.47983521e+00  2.82201192e+00]
 [-8.55680031e-01  1.67766478e+00 -4.02297308e-01  5.39385776e-01]
 [-1.60507348e+00  1.88551027e-01 -8.12929905e-01 -7.09995231e-01]
 [-1.41585844e+00  4.48467981e-01  8.82474733e-03  1.34090850e+00]
 [-6.19049701e-02  1.93795907e+00  1.91083703e-01  1.04335986e+00]]
All edges are either -0.25 or +0.25, and full rank
