[[ 0.25  0.    0.    0.    0.5 ]
 [-0.25  0.25  0.    0.    0.  ]
 [-0.25 -0.25  0.25  0.    0.  ]
 [-0.25  0.25 -0.25  0.25  0.  ]
 [ 0.5   0.25  0.25 -0.25  0.25]]
[[ 0.00000000e+00  0.00000000e+00  0.00000000e+00  0.00000000e+00
   0.00000000e+00]
 [ 1.89592354e+00 -1.86236482e-01  3.86863368e-01 -9.19127562e-02
   4.56814401e-01]
 [-8.42115765e-02  1.95022832e+00  1.63319062e+00  2.72354955e+00
   1.77456902e+00]
 [-9.54480480e-01  2.76441179e-01 -8.09115692e-01  2.38236822e+00
  -2.67504826e-01]
 [-7.24372715e-01  1.27569705e+00 -2.10535025e+00  2.54400583e+00
  -2.37861575e-01]
 [-1.17660762e+00  2.31257596e+00 -3.89810011e-01  2.37709614e+00
  -2.66964705e+00]
 [-2.29737171e+00  1.01341026e+00 -1.69897245e-01  1.38088334e-02
  -1.95528287e+00]
 [-1.51782044e+00  2.08122149e-01  1.40633521e+00  1.34992499e+00
  -1.95279914e+00]
 [-2.04366791e+00 -1.05514245e+00 -2.79124026e+00  2.07633073e+00
  -2.33605967e+00]
 [-8.84767139e-01  2.49750399e-01 -1.69292662e+00  2.99493029e+00
  -1.08265894e+00]
 [-7.49580349e-01 -3.61736523e-01 -3.86651298e+00  1.64490455e+00
  -5.09069697e-01]
 [ 1.32084471e-01  3.65609957e+00 -2.48275959e+00  6.45082623e-02
  -1.95864053e+00]
 [-5.81808174e-01  1.37968460e+00 -2.83827405e-01  1.03979780e+00
  -6.40879184e-01]
 [-5.09835279e-01  9.31372408e-01 -1.21180503e+00  2.96714462e+00
  -5.28478957e-01]
 [-3.28763028e-01 -4.75416695e-01 -1.20523508e+00  2.15933707e+00
  -2.05722691e+00]
 [-2.72543290e+00  1.23043499e+00 -2.65893353e+00  9.37938235e-01
  -5.92539587e-01]
 [-1.60049696e+00  6.48856223e-01 -1.58040531e+00  7.86774766e-01
  -1.17708573e+00]
 [-2.03413166e+00  1.20007190e-01 -1.24905777e+00  3.45040054e-02
  -1.85774320e+00]
 [ 6.08372327e-01 -1.23234569e+00 -1.28988920e+00  1.10033727e-01
  -2.14939064e+00]
 [ 1.24402760e+00  8.11484529e-01 -2.22372371e+00  1.04690233e+00
  -3.11181156e-01]
 [ 1.98734832e-02  1.30111883e+00  8.24726702e-01 -1.80705380e+00
   1.50238774e+00]
 [ 5.96843432e-01  1.84955067e+00  2.29703841e+00 -6.39886339e-01
   6.42955538e-01]
 [ 1.46971643e+00  5.48287485e-01  1.89381934e+00 -7.97925388e-01
   1.19205545e-01]
 [-1.45254263e-01 -9.14968249e-01  1.77257045e+00  5.92076081e-01
   1.81864999e+00]
 [-1.10332739e+00  1.23972625e+00  3.11237606e-01 -3.23770191e-01
  -5.57131476e-01]
 [-6.20872113e-01 -5.70194180e-01 -1.92657712e-01  7.99436893e-01
  -6.10722462e-01]
 [-1.06305923e+00 -3.47786676e-01 -1.02403343e+00 -3.59110851e-01
  -2.26524024e-01]
 [ 4.42540456e-01 -1.94303391e-01 -7.43899206e-01  9.17143977e-01
   6.97981653e-01]
 [ 1.25291618e+00  1.09799655e+00 -1.54743074e+00 -4.03826396e-01
   1.48657710e+00]
 [ 2.34710466e-01  3.54481815e-01 -5.37320694e-01 -6.04898438e-01
   8.72399679e-01]
 [ 9.88190159e-01  3.43209489e-01 -9.87233598e-01  2.10129541e-01
  -6.10855387e-02]
 [ 2.26130230e+00  1.00486532e+00  1.42595921e+00 -5.19981489e-01
   7.05799423e-01]
 [-7.52445037e-01 -7.85503504e-01 -2.02031224e-01 -1.60724508e+00
   1.51598277e+00]
 [ 6.70751523e-02  1.07243753e+00 -8.73274950e-01 -1.45188920e+00
  -1.01139978e-01]
 [-2.73068346e-01  8.47443050e-02 -6.98874281e-01 -1.70795240e+00
  -1.50940227e+00]
 [-7.42375938e-01 -2.65144752e-01  9.38804446e-01 -7.36742581e-01
  -8.01549285e-01]
 [ 5.11314222e-01 -1.31378815e+00  1.55420919e-01  1.43786758e-01
  -3.30474519e-01]
 [ 1.25656289e+00 -6.19894537e-01 -8.82993378e-01  1.81804202e+00
  -5.55142333e-01]
 [ 1.81086493e-01  4.78156400e-02 -1.86110013e+00  1.95056885e+00
   2.80789016e+00]
 [ 2.81058798e+00  2.67553054e-03 -1.56580686e-01  4.31287338e-01
   2.91986383e+00]
 [ 1.19917616e+00  4.16061105e-01  1.27103557e+00 -1.72890680e+00
   3.83306979e+00]
 [ 4.07932631e+00  1.32523107e+00  1.02660650e+00 -1.27908091e+00
   1.23071630e-01]
 [ 1.84559438e+00 -8.13413031e-01  1.50493838e+00 -1.17795842e+00
  -3.53315130e-01]
 [ 3.34193758e-01 -9.95937741e-01  5.72755716e-01  4.93458203e-01
  -7.31734995e-01]
 [ 3.51285170e+00 -1.06986239e+00 -2.25769246e-01  3.01135277e-02
  -8.26145227e-01]
 [ 1.48265367e+00 -8.00513427e-01 -4.32353693e-01 -1.32607253e-02
   1.61745396e-02]
 [ 7.42386389e-01 -1.57930701e+00 -6.89497664e-01  5.96275101e-01
   1.07723267e+00]
 [-7.40903562e-01  1.57812303e+00  1.15947463e+00  5.95229220e-01
  -6.18112142e-01]
 [-1.69334708e+00  5.71118473e-01 -3.12057458e-01  1.31695549e+00
  -1.45868048e+00]
 [-2.40138119e+00  1.07978443e+00 -3.72529304e-01  2.23519799e-01
  -9.87055503e-01]
 [-1.85510572e+00  6.06899100e-01 -6.13968803e-01  2.04031604e-01
   2.75891922e-01]
 [-1.10130194e+00 -1.28644086e+00 -9.75019095e-01  8.80027156e-01
   6.19610370e-02]
 [-9.09746969e-01  8.59351560e-02 -4.04108784e-01  2.78004799e-01
  -3.38544098e-01]
 [-7.88355693e-01 -3.13040712e-01 -7.77564073e-03  5.09025985e-01
  -8.09013838e-01]
 [-1.34795942e+00 -1.53518559e+00 -2.68019441e-01 -1.67985808e+00
   7.25433258e-01]
 [ 3.73492344e-01  5.93916895e-02  9.93852145e-01 -5.91874050e-01
  -2.19823949e+00]
 [-1.39447133e+00 -9.95822833e-01  6.78359950e-01  1.37899044e+00
   8.06295384e-02]
 [-6.48973764e-01  6.46818480e-01 -2.88965371e-01  6.23484473e-01
   9.91124895e-01]
 [-8.53684802e-01 -5.55862446e-01  2.22560127e+00 -8.76567051e-01
  -1.97073543e+00]
 [-1.50534391e+00 -1.82992789e+00  2.91577950e-01  5.96866679e-01
  -1.06402871e+00]
 [-1.61149330e+00 -2.68865855e+00 -5.98258333e-01  2.09575147e+00
  -2.35334169e+00]
 [-3.60761976e+00  2.40922443e-01 -1.53356461e+00  2.82683243e-01
  -1.05006336e+00]
 [ 1.34473535e+00 -4.64684557e-01 -2.26488406e-01 -3.05106073e-01
  -2.59837158e+00]
 [ 5.17502387e-02 -3.55914666e+00 -1.35211718e+00  5.00763256e-01
  -1.12961106e+00]
 [ 3.10610482e-01 -4.62510948e-01  6.68245954e-01  8.13703753e-01
   9.05922856e-01]
 [ 1.02334082e+00  7.39666806e-01  1.31272199e+00  5.49659615e-02
   1.85611384e+00]
 [ 6.44787091e-01 -1.61193865e+00  4.53745834e-02 -4.53999928e-01
   2.46095795e+00]
 [ 1.52567589e+00  1.84427057e+00 -5.08046227e-01 -1.65763559e+00
   9.03505871e-01]
 [-7.15887538e-02 -2.09489543e-01  2.23898596e+00  1.11879126e-01
   1.65762522e+00]
 [ 1.17936055e-01 -1.18389437e+00  2.76796718e-01  1.49567404e+00
  -9.78499606e-01]
 [-1.07291603e+00 -4.78107349e-01  6.41234904e-01  9.33108266e-02
   1.26731650e+00]
 [-2.21207965e-01 -1.21843238e+00  1.87666860e+00  5.70191684e-01
  -1.52026912e+00]
 [-2.25574439e+00 -1.27922851e+00  7.84191867e-01  2.37857527e-01
   5.15221052e-01]
 [-3.83659581e-01  1.76356297e+00  6.26308090e-01 -1.12469300e+00
  -4.08495437e-01]
 [-5.35350175e-01 -2.68696610e-01  7.48060895e-01  9.70953382e-01
  -7.68704368e-01]
 [ 8.20120163e-01  2.43124641e-01  1.13543764e+00  1.53033304e+00
  -1.11018786e+00]
 [-5.93929832e-01  5.00257406e-02 -7.90627927e-01  1.05032250e+00
   7.41373956e-01]
 [ 1.54807752e+00  4.33467572e-01 -8.32522704e-01  1.40743265e+00
   3.57914988e-01]
 [ 5.89645304e-01  1.19420047e+00 -5.26333263e-03  6.26233491e-01
   1.55045422e+00]
 [ 1.23593841e+00  5.58376991e-01 -1.35172862e+00 -8.85941218e-02
   2.10023542e-01]
 [-3.85017073e-01  3.77245542e-01 -1.59999390e-02  1.44841089e+00
   9.30853961e-01]
 [ 4.19273322e-01  5.55721124e-01 -2.53988469e-01  1.84979821e+00
  -1.12914903e+00]
 [-1.80401434e+00  8.66524986e-01 -8.58605468e-01 -8.68151567e-02
  -7.21557208e-02]
 [-1.64311804e+00  5.89270098e-01  8.57513572e-01 -1.74380840e+00
  -1.60468467e+00]
 [-1.00938374e+00 -1.63055544e+00  9.25508294e-01 -6.62144526e-03
  -2.75187015e+00]
 [-1.21705341e+00 -1.69280653e+00 -1.32219932e+00  4.34363508e-01
  -2.50131723e+00]
 [-1.44561494e+00 -2.35808937e+00 -1.69264131e+00  1.30863663e+00
  -1.75179181e+00]
 [-2.23779916e+00 -7.21715289e-01 -7.77158855e-01  4.64995888e-01
  -2.27535174e+00]
 [-1.65388261e+00 -2.56946702e+00 -4.35644303e-01 -2.15163293e-01
  -3.09384790e+00]
 [ 2.67152405e-01 -1.80591218e+00 -1.00983584e+00  2.31070453e+00
  -2.38035210e+00]
 [ 2.02017871e-01 -1.25137031e+00 -8.47026140e-02 -1.64274744e-02
   1.33058350e+00]
 [ 9.40183100e-01 -8.12093682e-01  4.56774185e-01  4.19547295e-01
   2.88286512e-01]
 [ 1.63495251e-01 -5.48791137e-02  7.98593371e-01  3.84172702e-01
   2.48662405e+00]
 [ 6.52686173e-01 -3.46983388e-01  1.65697119e+00  8.14835067e-01
  -6.54009699e-01]
 [-3.43479745e-01 -1.80638757e+00  1.14788788e-01 -2.62860532e+00
  -8.78799952e-01]
 [-1.26624856e-01  1.81857652e-01  1.68863235e+00  1.41777110e-02
  -1.38811898e+00]
 [-4.76219070e-01 -1.96805245e+00  1.24361175e+00  8.91993708e-01
  -7.07856424e-01]
 [-4.17741742e-01 -9.05490425e-01  7.33343552e-01  3.24287852e-01
  -7.72166405e-01]
 [ 1.06094684e+00  4.39671215e-02 -6.23284172e-01  1.25051168e+00
  -1.03975593e+00]
 [-3.55835486e-01  9.47792748e-02 -1.18579469e+00  6.71701927e-01
  -4.99318817e-02]]
5 by 5 matrix with a completely LT +- 0.25, but then a twist. Upper right and lower left corner now have coefficient 0.5, resulting in one huge violator, which throws the lingnams off.
