[[ 0.          0.          0.         -0.26615255  0.          0.38292566]
 [ 0.          0.73111315  0.         -0.45753534  0.          0.27436457]
 [ 0.         -0.64696061  0.          0.         -0.68565131  0.43241435]
 [ 0.          0.          0.          0.33222919  0.          0.        ]
 [ 0.          0.64569986 -0.55112934 -0.66963344  0.          0.        ]
 [ 0.         -0.63295162  0.          0.63360451  0.          0.59386718]]
[[ 0.00000000e+00  0.00000000e+00  0.00000000e+00  0.00000000e+00
   0.00000000e+00  0.00000000e+00]
 [-1.24078134e+00  7.06821754e-02  9.01255761e-01  2.02756301e+00
  -3.38489303e-01 -1.10478322e+00]
 [ 1.30971721e+00 -2.19726746e-02 -3.88753300e-01 -1.66224100e-01
  -9.16720479e-01 -1.10753687e+00]
 [ 1.49863036e-01  6.14336095e-01  1.75705474e+00 -1.63333637e+00
  -8.42579336e-01 -5.07093507e-01]
 [ 3.94618331e-01 -2.95491102e-01  2.72980571e+00 -5.60663932e-01
   1.70953061e-01  1.19987084e+00]
 [ 4.99575718e-01 -2.54297301e+00 -3.75039424e-01  2.30637089e+00
  -3.72302990e+00  2.39896405e+00]
 [-2.62986295e+00 -3.96464115e+00  2.08860552e+00  6.75213441e+00
   1.49301214e+00  1.08327081e+00]
 [ 5.58229081e-01 -4.23440419e+00 -1.96626500e-01  3.93257425e+00
  -2.32489017e-01 -2.17148204e-01]
 [-6.87424953e-01 -1.49199141e+00 -2.61812094e-02  3.61902918e+00
  -2.04504204e+00 -7.81303391e-01]
 [ 1.28166802e+00 -4.22319290e-01 -4.67984472e-01  2.43337947e+00
   3.16860225e-01 -2.46242768e+00]
 [-2.76200033e+00  2.55381627e+00 -1.29869492e+00  1.01670007e-01
   5.69080142e-01 -1.96862329e+00]
 [ 1.15811719e+00  3.55811192e+00 -1.53016932e+00 -1.63968242e+00
  -1.82092021e-01 -1.74337456e+00]
 [-1.02114502e+00  3.84336770e+00 -1.94777273e-01 -3.55372435e+00
   4.66717677e-01 -9.09267374e-01]
 [-7.35457297e-01  1.40885987e+00  4.33651603e-01 -3.66374700e+00
   1.08559308e+00  3.23394709e-01]
 [-5.94351912e-01  2.69709941e+00 -1.14888206e+00 -1.88841340e+00
  -9.81347386e-01 -3.01584524e-01]
 [-2.56606117e-01  2.48079019e+00  2.85588882e+00 -1.41591243e+00
   6.50017118e-01 -4.90832837e-01]
 [ 1.42600013e-01 -8.71980740e-02 -9.27291704e-01 -2.18519770e+00
  -1.12037927e+00  9.15202768e-01]
 [-1.44566894e+00  3.74154211e-01  1.22734071e+00  7.65818581e-01
  -1.06258422e-01 -1.09953711e+00]
 [ 3.62082126e-01 -1.23152639e+00 -5.20172839e-01  9.22260241e-02
  -3.02590017e+00  2.32476170e-01]
 [ 7.41427959e-01 -2.10172353e+00  1.65634946e+00  2.43030521e+00
  -7.90821706e-01  8.50351003e-01]
 [-1.40087565e+00 -5.06109825e+00 -1.83962449e-01  8.33047826e-01
  -6.78828277e-01  1.19499480e+00]
 [-6.47275202e-01 -4.28217931e+00 -1.26500050e+00  3.67012475e+00
   1.18288473e+00 -9.49781487e-01]
 [-7.89066241e-01 -7.85703617e-01  1.82470252e+00  2.06886421e+00
   1.65180362e+00 -3.61517762e+00]
 [ 2.50692718e-01  1.31320480e+00 -2.14057377e+00 -2.63483433e+00
  -3.84942751e-02 -1.41003776e+00]
 [-8.97347022e-02  3.58483930e+00  1.36920216e+00 -2.13899393e+00
   2.36236210e+00 -2.16744556e+00]
 [ 1.21154026e+00  5.91339838e+00 -3.21682797e+00 -4.94673947e+00
  -8.57961448e-01 -1.16291310e+00]
 [ 6.74073762e-01  6.32486674e+00  3.69670853e-01 -3.72935417e+00
   1.85561060e+00 -1.09893839e+00]
 [ 8.78490051e-01  7.85261041e+00 -3.20444921e+00 -5.77047350e+00
  -1.58635793e+00 -1.29975977e-01]
 [ 4.52152189e-01  6.51946622e+00 -5.00386322e-01 -5.11115136e+00
   1.22643175e+00  6.87198104e-02]
 [ 7.37137077e-01  5.54948955e+00 -2.00478750e+00 -5.57199692e+00
   3.72120690e-01  3.90657738e+00]
 [-2.20314700e-01  1.71412266e+00 -2.85762280e-01 -4.17793054e+00
   5.55465929e-01  4.25296320e+00]
 [ 1.48915506e+00 -2.53146420e+00 -1.96953049e+00 -1.39233013e-01
   6.75494501e-01  7.60202417e-01]
 [-5.47907705e-01 -2.89059839e-01 -1.24004407e+00 -7.88326558e-01
   1.50547685e+00 -8.66861268e-01]
 [-1.66288979e-01  1.29405719e+00 -6.14009898e-01 -2.17986655e+00
  -9.11135453e-01  3.01616614e-01]
 [ 1.00425279e+00  1.18038986e+00 -9.31833558e-01  2.15247920e-01
   1.40294469e+00 -1.30692037e+00]
 [-4.06812788e-01  4.11279601e+00  2.12255465e+00 -2.98749458e+00
  -1.44792588e+00 -8.24932898e-01]
 [ 1.21071304e-01  1.76508073e+00 -1.11663792e-01 -1.67731851e+00
  -1.98586624e+00  2.20866531e+00]
 [ 1.50218401e+00 -2.44175720e+00 -1.91234140e+00  1.58576872e+00
   7.26052625e-01  6.91699418e-01]
 [-5.18380129e-01 -1.49791963e+00  5.92972798e-01  2.06989716e+00
   2.79549308e+00 -1.53830857e+00]
 [-8.33991050e-01  8.01217292e-01 -1.41995195e+00 -1.16035586e+00
   1.38149560e+00 -6.54345685e-01]
 [ 1.39257135e+00  2.35719796e+00 -1.43169832e+00 -1.19181243e+00
  -7.07366397e-01 -2.22491262e-01]
 [-8.51416187e-01  3.73426966e+00 -2.28462830e-01 -1.44132419e+00
   2.57504557e+00  2.28554350e+00]
 [ 3.84502061e-01  1.13831655e+00 -3.32365589e+00 -2.58744830e+00
   2.12431126e-01  1.84329027e+00]
 [-1.42697675e+00  3.05390679e+00  1.77596763e+00 -1.76371286e+00
   2.02481971e+00  1.75586619e-01]
 [ 3.99652270e-02  1.98077370e+00 -7.02044701e-01 -2.62220252e+00
  -1.99655587e+00 -3.07169968e-01]
 [ 8.60915735e-02  1.37767531e+00  2.98483896e+00 -8.46938466e-01
   1.59553146e+00 -5.45414612e-01]
 [-1.39278623e-01 -2.60746681e-01 -2.90158804e-01 -3.61104825e+00
  -1.92414710e+00  2.31764385e+00]
 [ 3.32179136e-01 -3.18685811e+00  9.68185498e-01 -2.74045133e-01
   2.37422085e+00  1.50480464e-01]
 [ 9.37145189e-01 -1.96155311e+00 -2.55755779e+00  8.31577258e-01
   1.05381022e+00  7.22367338e-01]
 [ 8.41563277e-01  3.20263615e-01 -1.83094705e+00 -1.07893136e-01
   9.41682011e-01 -5.05263651e-01]
 [ 7.84871134e-01  2.37421922e+00 -1.20149252e+00  1.21174975e-01
   1.34916952e+00 -1.79997433e+00]
 [ 1.01517719e+00  5.41018405e+00 -1.60811571e+00 -4.20172967e+00
   1.05714545e+00 -2.56132304e+00]
 [ 1.45757218e+00  6.53832035e+00 -1.81369924e+00 -5.55643968e+00
   3.21278373e+00 -4.08698525e-01]
 [-2.58561699e+00  7.11872109e+00 -3.08781162e+00 -7.54386729e+00
   1.34163615e+00  1.35865440e+00]
 [-6.08518391e-01  6.32305124e+00  1.40313172e-01 -3.92642891e+00
   3.40135780e+00 -1.95493860e-01]
 [-2.21407295e+00  5.64976810e+00 -1.64452991e+00 -4.87374721e+00
  -5.58367404e-01  1.30859626e+00]
 [-7.19699236e-02  5.40187217e+00  1.61148783e+00 -2.01980055e+00
   1.06469622e+00  5.86656817e-01]
 [ 9.01042840e-01  2.98812965e+00  1.40672129e+00 -3.78468126e+00
  -2.21651001e+00  3.07541966e+00]
 [ 1.99723495e-02 -2.25295665e+00  1.84758599e+00  3.80535000e-01
  -7.10402138e-01  3.14918682e+00]
 [-2.41137527e+00 -7.17308682e+00 -5.47684876e-01  2.29121305e+00
  -1.59865276e+00  3.26319388e+00]
 [ 9.78769969e-01 -6.73245959e+00  1.65367087e+00  7.73336590e+00
  -4.12308936e-02  3.53588674e-01]
 [-2.28458079e+00 -5.31038598e+00 -2.81493702e-01  6.59726912e+00
  -1.71404854e-01 -9.31107420e-01]
 [-2.10033582e+00 -2.91005324e+00 -2.44720307e+00  4.18433180e+00
   1.49843853e-01 -2.78570041e+00]
 [-1.62273952e+00  3.77863268e+00 -1.58072619e+00  1.01053520e+00
   2.07926144e+00 -4.76174702e+00]
 [-1.90173795e-01  7.65024792e+00 -9.56525944e-01 -5.56898824e+00
   4.99875050e-01 -2.18048001e+00]
 [ 8.93737659e-01  5.88352179e+00 -5.64530248e-01 -5.89500260e+00
   1.95463007e+00  1.57016535e+00]
 [-6.36566715e-02  4.74467938e+00 -1.53299003e+00 -5.01267625e+00
   1.53444896e+00  3.13441092e+00]
 [ 2.16079701e+00  3.14759639e+00  1.44848195e+00 -9.08874095e-01
   1.75343979e-01  3.21027978e-01]
 [-6.96384245e-01  6.33287536e-01  1.25758538e+00 -2.41345712e+00
  -1.90931944e+00  2.72316422e+00]
 [ 4.23986827e-01 -4.89835987e+00 -5.44853536e-01  1.00508954e+00
   3.81991336e-01  1.77172266e+00]
 [-6.82461050e-01 -3.89741765e+00  8.63606616e-01  3.05548112e+00
   2.19746339e-01  3.90361645e-01]
 [ 4.34112760e-01 -3.22778483e+00 -1.79080130e+00  3.48497464e+00
   8.78958974e-02  1.14938011e+00]
 [ 6.78809116e-01 -1.59055330e+00  1.07943164e+00  4.24802283e+00
   2.38455531e+00 -1.45181002e+00]
 [-1.40625264e-02 -4.05235367e-01 -2.92941894e+00 -1.46442974e+00
  -2.10385470e+00 -8.80517863e-01]
 [ 2.43455994e+00 -6.85421823e-01  1.34246561e+00  1.86659662e+00
   1.93302922e+00 -3.43342467e+00]
 [-7.76604047e-01  2.02459080e+00 -3.49607304e+00 -3.26543563e+00
   1.31763003e-01 -2.66896092e+00]
 [-2.61688185e-01  5.20481864e+00 -1.79527443e-01 -3.57958148e+00
   1.38306664e+00 -2.19051350e+00]
 [ 1.34428289e+00  8.24145917e+00 -1.04952920e-01 -4.94689987e+00
  -7.89006722e-01  8.26661611e-01]
 [-6.35326946e-01  3.98615619e+00  4.26660765e-01 -3.38363914e+00
  -7.85707996e-01  1.93831349e+00]
 [-4.74068224e-01  8.12220157e-01  1.24595613e-01 -3.28804459e-01
   7.29899663e-01  1.65227856e+00]
 [-1.10461235e-01  8.08741180e-01  5.00651204e-01 -1.72138517e-01
  -3.81911489e-01  1.49241952e+00]
 [ 2.83165423e-02 -5.20788601e-02  1.21350945e+00  1.38004143e+00
  -8.86826970e-01  1.62050491e+00]
 [ 2.92874952e-01 -2.72531675e+00  1.02179860e+00  4.29760355e+00
   5.59188768e-01  1.22386526e+00]
 [ 1.26062495e+00 -1.98949513e+00 -5.60943121e-01  3.17073475e+00
  -2.14352256e+00 -5.56792778e-01]
 [-6.07764138e-01 -4.77161468e-01  6.18379944e-01  1.92697328e+00
  -1.19479092e+00 -1.30005324e+00]
 [ 3.24622547e-02 -3.11817751e-01  1.20612054e+00  2.37727604e+00
   7.75518082e-01 -1.37263980e+00]
 [-5.74939527e-01 -7.70613915e-01  5.50883480e-03 -3.21140900e-01
  -6.40082912e-01  1.63690149e-01]
 [-3.04098357e-01 -2.12301126e+00  5.55471849e-01  1.05400403e-01
  -1.43249638e+00  3.95974135e-01]
 [-4.91732575e-01 -3.29504860e+00  1.05312498e+00  3.82948146e+00
   4.58102355e-01  1.40514036e-01]
 [-1.07448097e+00 -3.24769213e+00  9.48696356e-02  3.45838930e+00
  -1.86538083e+00  4.29587485e-01]
 [ 1.05352632e+00 -2.73572755e+00  2.85836240e+00  4.79584783e+00
   9.01835230e-01 -3.40907827e-01]
 [-4.57979882e-01 -3.38953970e+00 -8.71385862e-01  2.19715265e+00
  -1.67441692e+00 -4.94747980e-01]
 [-9.50326041e-01 -2.24197533e+00 -5.96512484e-01  2.78002590e+00
  -1.18323239e+00  9.43898953e-02]
 [-4.50706533e-01 -1.15508801e+00  1.79093524e+00  2.45098906e+00
   9.87450733e-01 -2.44074006e+00]
 [-5.32193754e-01 -5.64774676e-01 -3.49727218e-01 -2.83970130e+00
  -1.76969002e-01  9.06636721e-01]
 [ 9.64816941e-01  1.92459108e-01  3.12311042e-01  1.04015095e+00
  -1.43267759e-02  2.22270095e-01]
 [ 1.73579278e+00 -1.43564905e+00  8.45174621e-01  1.03714068e-02
   4.34409244e-01  1.33844186e-01]
 [ 1.30580428e+00 -1.26800370e+00 -1.52868267e+00  2.38976285e-01
  -1.20889491e+00 -1.43586759e-02]
 [ 4.73160280e-01  1.82895335e-01  6.02268233e-01  9.41990010e-01
   1.26353971e+00  1.61674878e+00]
 [-9.02523572e-01  7.80490448e-02  2.93691105e-01 -9.53137332e-01
  -4.42329545e-02 -1.51376525e-02]]
All edges are between +- 0.25 - 0.50. Not all diagonal entries are positive. The generating W is no DAG.
