[[ 0.26  0.28  0.28  0.31]
 [ 0.    0.    0.28 -0.26]
 [ 0.25  0.34  0.29  0.  ]
 [ 0.    0.    0.28  0.  ]]
[[ 0.00e+00  0.00e+00  0.00e+00  0.00e+00]
 [ 1.38e+00 -3.69e-01 -6.84e-01 -1.17e-01]
 [ 2.73e+00 -3.76e-01 -1.23e-01 -3.37e-02]
 [ 2.44e+00  1.05e+00  7.19e-02  1.24e+00]
 [-7.02e-02  7.82e-01  8.63e-01  1.80e+00]
 [ 1.07e+00  8.13e-01 -1.37e-01 -1.09e+00]
 [-4.37e-01 -4.16e-01 -1.01e+00 -6.10e-01]
 [ 1.33e+00  2.87e-02 -2.03e-01  6.05e-01]
 [ 2.94e-01  5.09e-01  3.86e-01  1.28e+00]
 [-9.29e-01  2.24e-01  9.13e-01 -1.20e+00]
 [ 5.47e-01  9.02e-01 -2.78e+00 -9.56e-01]
 [ 4.25e-01  9.15e-01 -1.42e-01  4.15e-01]
 [-1.51e+00 -2.74e-03  1.83e+00  3.71e-01]
 [-1.34e+00 -4.41e-02 -4.35e-01 -1.36e+00]
 [-4.10e-01  1.00e-01 -2.29e+00 -2.12e+00]
 [-1.42e+00 -1.54e+00 -1.25e+00 -5.00e-01]
 [ 7.92e-01 -7.15e-01 -2.10e+00  2.30e-01]
 [-4.93e-01  2.88e-01  1.37e-01  2.48e-01]
 [-1.39e+00 -9.88e-02  7.13e-01  1.42e-01]
 [-2.17e+00  3.03e-01 -2.30e+00  9.05e-01]
 [-1.55e+00 -1.59e+00 -1.26e+00 -4.08e-01]
 [ 1.86e-01 -1.01e+00 -1.69e+00 -1.65e-01]
 [ 6.92e-01 -1.87e+00 -2.20e+00  2.48e-01]
 [-4.68e-02  3.97e-01 -1.06e+00  3.65e-01]
 [ 2.57e-01  1.80e+00  8.52e-01  2.28e+00]
 [ 1.84e+00  1.93e+00  2.09e-01  1.23e+00]
 [ 1.17e-02 -5.34e-01  1.31e+00 -2.98e-01]
 [-3.21e-01  3.36e-02 -8.55e-01 -5.57e-02]
 [-6.08e-01 -1.42e+00 -4.92e-01 -4.55e-02]
 [-1.49e+00 -1.76e-01 -1.71e+00  1.75e+00]
 [-9.87e-01 -1.34e+00  5.12e-01  8.55e-02]
 [-4.71e-01  4.62e-01  1.33e+00 -1.42e-01]
 [-2.86e-01 -2.27e+00 -3.60e-01  7.38e-01]
 [-7.98e-01 -1.13e-01 -8.55e-01 -1.98e-01]
 [-3.08e-01  1.54e-01 -6.52e-01 -9.15e-01]
 [ 9.45e-01 -7.42e-01  5.54e-02  1.47e-01]
 [ 2.79e-01  6.45e-01 -9.49e-01  1.65e+00]
 [-4.39e-01 -1.08e+00  1.58e+00  1.71e+00]
 [-1.17e+00 -6.97e-01  1.47e-01  8.59e-01]
 [-7.27e-01 -1.37e+00  1.19e+00  8.80e-02]
 [ 1.26e+00 -1.18e-01 -1.93e+00  5.22e-01]
 [ 6.52e-01  1.32e-01  3.46e-01  2.19e-01]
 [ 1.24e+00  1.39e+00  2.23e+00  9.15e-01]
 [ 1.11e+00  1.10e+00  1.06e+00  1.28e+00]
 [-4.97e-02 -8.78e-02  1.42e+00  6.09e-01]
 [ 1.58e+00 -3.06e-01  6.00e-01 -7.28e-01]
 [ 2.44e-01 -8.99e-01  5.01e-03  1.06e+00]
 [-8.23e-01 -3.34e-01  1.16e+00  7.06e-01]
 [-8.69e-01  8.73e-01  1.31e-01 -5.48e-01]
 [ 4.22e-01 -1.18e+00  2.22e-01 -2.16e-02]
 [ 4.42e-01 -2.64e-01 -1.79e+00  2.20e-01]
 [ 5.01e-01 -8.35e-01 -1.10e+00 -7.30e-01]
 [-5.35e-01  1.55e-01 -1.45e+00 -4.71e-01]
 [-3.46e-01 -1.03e+00 -1.41e+00 -7.59e-01]
 [ 7.88e-01  1.03e+00 -1.35e+00 -7.25e-01]
 [-7.92e-01 -2.14e+00 -2.27e-01 -2.29e-01]
 [-2.38e+00  6.51e-01  9.75e-01  5.84e-02]
 [ 3.84e+00  1.52e+00  2.42e+00  1.51e+00]
 [ 2.80e+00  1.04e+00  1.39e+00 -3.04e-01]
 [ 1.15e+00  1.53e+00  2.48e+00  2.26e+00]
 [ 2.19e+00  1.90e+00  1.84e+00 -2.05e+00]
 [ 5.38e-01  2.99e+00  1.92e+00  1.00e+00]
 [ 3.96e-01  3.54e-02  8.84e-01 -1.88e+00]
 [ 7.26e-01 -4.26e-02 -2.64e-01  1.82e+00]
 [-1.05e+00 -8.70e-01  2.65e-01  8.73e-01]
 [-1.69e+00  4.64e-01 -1.10e+00  6.86e-01]
 [-8.09e-02 -1.97e+00 -2.59e+00  2.56e-01]
 [-4.43e-01  5.72e-01 -5.61e-01  4.11e-01]
 [ 5.01e-01 -2.14e-01 -1.11e+00 -2.89e+00]
 [-9.70e-01 -3.19e-01 -2.32e+00 -1.05e-01]
 [-1.56e-01 -8.71e-01 -4.25e-01  1.08e-01]
 [-1.31e+00 -1.50e+00 -4.29e-01  3.24e-01]
 [ 1.75e+00 -1.95e+00 -1.73e+00 -8.30e-01]
 [ 4.51e-01 -1.81e+00  4.62e-01  2.49e-01]
 [ 2.41e+00 -4.87e-01 -4.61e-01  1.07e+00]
 [-1.40e+00 -5.56e-01  5.68e-01  2.93e-01]
 [-1.00e+00  1.80e+00  7.56e-01 -1.05e+00]
 [-1.74e-01 -5.11e-01  5.86e-01 -9.71e-01]
 [-5.36e-01  2.04e+00 -4.90e-01 -1.14e-01]
 [-1.73e+00 -1.88e+00 -1.53e-01 -9.28e-02]
 [ 1.35e+00 -5.39e-01 -1.40e+00 -1.34e+00]
 [-1.20e+00 -1.75e+00  6.72e-01  1.97e+00]
 [ 9.78e-03  5.13e-01  1.39e+00  5.97e-01]
 [ 7.98e-02  8.19e-01  1.35e+00  1.92e-01]
 [ 7.98e-01  1.17e-02 -6.16e-02 -1.06e+00]
 [ 1.77e+00  5.11e-01 -1.04e+00  5.13e-02]
 [ 1.11e+00 -3.33e-01  7.77e-01  7.55e-01]
 [-9.19e-02  1.12e+00 -1.56e-01  1.84e+00]
 [-1.84e-02 -1.54e+00  4.05e-01  6.83e-01]
 [ 1.03e+00 -9.48e-01  8.13e-01  1.24e+00]
 [ 2.11e-01  1.15e+00 -4.88e-01 -2.42e-01]
 [ 7.32e-01  7.12e-01 -5.73e-01 -2.35e-01]
 [ 1.00e-01  3.06e-01 -8.32e-01 -2.44e-01]
 [ 1.27e+00 -1.01e+00 -1.19e+00 -1.24e+00]
 [-5.17e-01  6.46e-01 -2.27e+00  7.44e-01]
 [ 4.65e-01 -2.36e-01  6.93e-01 -1.63e+00]
 [ 3.98e-01  2.83e-01 -5.08e-01  4.84e-01]
 [ 8.30e-01  4.08e-01 -1.70e+00 -5.96e-01]
 [ 1.76e-01 -5.91e-01  1.09e+00  2.14e+00]
 [ 1.10e-01 -6.92e-02  2.85e-01 -1.03e+00]]
All edges are between +- 0.25 - 0.50. Not all diagonal entries are positive. The generating W is no DAG.
