[[ 0.          0.          0.          0.30951289  0.          0.
  -0.29791979  0.31166944]
 [-0.43139633  0.35797021  0.          0.          0.          0.
   0.49589795  0.        ]
 [ 0.          0.33903822  0.          0.         -0.30774269  0.
  -0.49614317  0.        ]
 [ 0.          0.          0.         -0.40623702  0.39264025  0.
   0.          0.        ]
 [ 0.          0.31710629  0.45871276  0.          0.         -0.27430018
   0.          0.        ]
 [ 0.          0.          0.          0.          0.          0.
   0.          0.        ]
 [ 0.34148278 -0.37790034  0.          0.          0.         -0.39624514
   0.          0.        ]
 [ 0.38913088  0.          0.3163549   0.          0.          0.
   0.         -0.39713525]]
[[ 0.00000000e+00  0.00000000e+00  0.00000000e+00  0.00000000e+00
   0.00000000e+00  0.00000000e+00  0.00000000e+00  0.00000000e+00]
 [-1.00162759e-01  1.69240501e+00 -4.22636641e-02  1.07113332e+00
  -1.05452337e+00 -2.03446781e+00 -5.03203401e-01 -8.49978269e-02]
 [ 1.22472311e+00  8.12330039e-01 -1.76826653e+00 -1.00160970e+00
   8.19986407e-01  8.78967416e-01  5.40741706e-01  4.58761290e-01]
 [-2.05596360e-01 -8.60905310e-01 -5.40974567e-01 -1.34564927e+00
   7.41880348e-01 -1.11286370e+00  3.17463970e-01 -9.52583171e-01]
 [ 6.98467130e-02 -9.16560457e-01 -4.68770898e-02  9.33533922e-01
  -2.73671724e-01 -5.51968963e-01  9.21996524e-01 -1.45498919e+00]
 [-1.56985606e+00  2.60376805e-01 -1.16342993e+00 -9.19259512e-02
  -3.91163011e-01  8.05526777e-01 -1.74300682e+00  1.25063638e+00]
 [ 2.00515932e+00 -7.87758706e-01 -2.75846541e-01 -1.51377542e+00
   7.85398426e-01  1.21551309e+00 -1.30600518e+00 -2.87869177e+00]
 [-1.69204398e+00 -2.09570938e+00  1.61747086e+00  3.44061622e+00
   9.33296909e-01 -2.16711016e-01 -1.47234022e+00  2.80102691e+00]
 [ 2.26432181e+00 -5.23738027e-01  1.37504997e+00 -3.95648087e+00
   1.14034991e+00 -6.64479192e-02 -5.77826588e-01 -5.93970673e-01]
 [-7.38796674e-01  6.80079508e-01 -9.48014133e-01  1.01063517e+00
  -2.47054533e+00 -1.13366315e-01 -2.85251984e+00  1.39293003e+00]
 [ 2.59228693e-01  4.02435128e-01 -1.17233687e+00 -1.38493457e+00
   1.49737935e+00  1.72680913e+00  2.09958221e+00 -2.09397623e+00]
 [ 5.09519652e-01 -1.11087879e-01  7.74917183e-01  2.88167183e+00
  -1.83692660e-01 -1.40824018e+00  1.28310496e+00  1.42861390e+00]
 [ 1.61638978e+00 -4.39295889e-02  9.01953111e-01 -1.67501519e+00
  -4.81656466e-02 -8.03123761e-01 -3.85377320e-01 -3.82451640e-01]
 [ 3.55414673e-02  1.33894346e+00 -1.26656287e+00  1.66185507e+00
  -8.13969212e-01 -1.93843834e+00 -2.06168008e-01  9.86844554e-01]
 [-9.24065822e-01  1.02642037e+00 -2.93684688e-02 -9.69774860e-01
   1.49768768e+00  1.83997461e+00  2.03835011e+00  4.67616832e-01]
 [ 1.49617912e+00  7.55339083e-01  3.74254165e-01  4.35234782e-01
  -4.65355005e-01 -1.72704434e+00  1.13334761e-01 -1.43482290e+00]
 [-8.10345374e-01 -1.62459426e+00  9.54226253e-01  3.04167350e-01
   2.37603581e-01 -1.59428661e-01  6.84079211e-01  5.31496759e-01]
 [ 7.44443003e-01 -1.16773952e+00  1.12270649e+00 -1.66017826e+00
   7.80512359e-01 -8.50338703e-01  9.14202172e-02 -6.21492934e-02]
 [-8.58312652e-02  7.41438167e-01  5.14116095e-02  2.05708577e+00
  -1.65031795e+00 -6.03670346e-01 -1.73314483e+00  1.77215546e+00]
 [-1.43268773e+00  4.56234823e-01 -9.67942082e-01 -8.50509133e-01
   2.46922108e+00  9.79498027e-01  9.90508901e-01 -7.70099821e-01]
 [ 3.50736268e-01 -2.34421936e-01  2.20662739e+00  1.75078288e-01
  -2.86032651e+00 -2.26343833e+00  1.98896843e+00  1.07790004e+00]
 [-2.75115409e-01 -8.06114000e-01 -1.19457956e+00 -4.66657577e-02
  -1.18796554e+00 -3.69814991e-01 -2.30212493e+00 -5.59197741e-01]
 [ 4.22829109e-01 -5.95434657e-01 -9.33197482e-01  1.32963054e+00
  -5.70024093e-02  5.71814317e-01  4.65899347e-01 -6.72689168e-01]
 [ 2.39852052e+00 -6.30042205e-01  1.07326877e+00  3.05184892e-01
   5.25082854e-01 -1.37351035e+00  4.66418119e-01  1.13687960e+00]
 [-8.04932309e-01  1.12918238e+00 -4.22671491e-01  8.94382016e-01
   2.72681117e-01 -1.65365833e+00 -2.00053692e+00  1.22839716e+00]
 [-1.66676944e+00  6.32250861e-01 -5.38860435e-01 -1.74405078e-01
  -1.51851258e-02  6.46371413e-01  1.37017761e+00  1.29907771e-01]
 [ 4.83308042e-01  2.50853844e+00  5.25293525e-02  1.87378639e-01
   4.69568804e-01 -1.10993211e+00  2.11124774e-01 -1.24399099e+00]
 [-3.20350901e-01 -2.66366526e-01  4.84971855e-01 -2.55552839e-01
  -8.81427363e-01  6.71607435e-01  5.71455363e-01  4.91158907e-01]
 [-3.15164867e-02  4.40347681e-01  4.68702382e-01 -5.80343219e-01
  -1.35428548e+00  8.20289920e-01 -1.15406732e+00  3.55811918e-01]
 [ 5.25755046e-01  2.00259791e+00 -4.79438272e-01 -7.20540117e-01
  -2.02530419e-01 -1.41578439e-01  7.32561722e-01 -1.63262238e+00]
 [-2.60332998e+00  1.85349105e+00 -3.30210139e-01 -1.39073968e+00
  -1.79234246e-01 -6.34076504e-01  3.77232998e+00  2.42092014e+00]
 [ 1.39511263e+00 -8.77983529e-01  3.58022553e-01 -4.28071082e-01
   6.44712313e-01 -1.85428425e+00  1.51999154e+00 -1.07116829e+00]
 [ 1.03308135e+00 -1.12238558e+00  6.34455746e-02  1.56594489e+00
  -8.46164781e-01  3.47857006e-01  1.44518234e+00  4.48799079e-02]
 [-3.44294374e-01 -3.68071085e-01 -1.03252532e+00 -1.14443871e+00
   1.11843252e+00 -9.35977551e-01 -2.42341873e+00  1.36472091e-01]
 [-7.57897044e-02  1.99620146e+00  1.20337020e+00 -2.16547682e-01
  -3.97155236e-01  2.30230138e+00 -7.42671100e-01  8.20950018e-01]
 [-4.71298324e-01 -7.43897453e-01 -1.37648082e+00 -8.60382754e-02
   1.17467268e+00  1.57916699e+00  4.56158610e-01  5.71129403e-01]
 [ 1.29145478e+00 -2.02123170e+00  1.14968388e+00 -6.90782111e-02
   3.78688660e-01  5.79022598e-01  5.02782501e-01 -1.28706967e+00]
 [ 1.13735967e+00 -5.89304682e-01 -9.14410735e-01  2.68140029e+00
  -1.03411733e+00 -2.97219913e+00 -1.37928746e-01  2.01088653e+00]
 [ 1.16807003e+00 -2.35010917e+00 -6.81450114e-01  9.71127737e-04
   2.02035333e-01  1.12861242e+00 -3.27163804e-01 -1.96169133e+00]
 [-1.30738660e+00 -1.32092743e+00  2.07297791e-01  6.72577687e-01
   9.83910169e-01 -2.05830725e-01 -1.08519896e+00  1.17401748e+00]
 [-5.41661564e-01  2.84762619e-02  4.78622134e-01  1.27486344e+00
   2.06283824e-01 -1.23797143e-01 -1.27852220e+00 -1.03514285e+00]
 [ 1.69836882e-01  6.74225707e-01 -6.73958865e-02  4.38912852e-01
   1.68830579e+00  7.70996932e-01  1.09153681e+00 -8.95179801e-01]
 [-2.61834888e-01  8.32392327e-01 -2.88215885e-02 -7.92606000e-01
   8.02306954e-01 -2.48043182e+00 -5.97159085e-01  1.01166346e+00]
 [ 1.83837194e+00  4.47400276e-01  1.01294380e+00 -1.10756652e+00
  -7.51551805e-01  5.59994310e-01  2.21819092e-01 -1.26297236e+00]
 [-1.17152332e+00  1.74913273e+00 -1.53814251e+00  9.77006984e-01
  -1.63597536e+00  1.60888580e-01 -6.34243836e-01  1.67953941e+00]
 [ 2.29297978e-01 -1.77573608e-01  3.00223764e+00 -1.81278556e+00
   1.67805468e+00  1.60190669e+00  1.16176483e+00 -1.18184772e-01]
 [ 2.82785120e-01 -2.47087213e-03 -8.91691031e-01  1.41971969e+00
  -2.48629059e+00 -8.38252825e-01 -2.16549169e+00  7.98271718e-01]
 [-8.51749859e-01  1.09726890e+00 -1.63826014e+00  6.50609096e-01
   1.37444509e+00  1.10710001e+00  1.17727282e+00 -7.27456003e-01]
 [-5.04333973e-01 -1.30261677e+00 -1.25226770e+00 -1.13066975e+00
  -7.47299829e-01 -3.50693816e-01  2.88451566e+00  5.36655352e-01]
 [ 1.31817909e+00 -1.72151585e+00 -1.51476925e+00  1.49146641e+00
   1.08631051e-01 -2.93203588e-01  6.85710939e-01 -1.43428823e+00]
 [ 2.28913473e+00 -1.52977770e+00 -2.13701782e-01 -7.46542781e-01
   4.31142695e-01  1.00085271e+00 -3.42277292e-02 -4.42155177e-01]
 [ 3.79550235e-01 -9.04763067e-01 -8.95317006e-01 -6.33245211e-01
  -1.98901343e+00  5.13428803e-03 -8.74663164e-01  1.34719638e+00]
 [ 5.41743065e-01 -2.67507127e-01 -3.95670735e-01 -1.49566665e-02
   1.92649164e+00  2.04968585e-01  3.25542385e-01 -4.45908978e-01]
 [ 7.73563368e-01 -2.86862414e-01 -1.15441269e+00 -1.02359962e+00
   2.57699435e+00 -7.68027752e-01 -3.78769539e-01  1.34490922e-01]
 [-1.23742107e-01  1.25941419e+00  1.07076344e+00  1.30871941e+00
  -9.46722295e-01 -1.71046913e-01  2.94850264e+00 -7.36554481e-01]
 [ 2.05387389e+00 -8.76472354e-01 -1.43669334e+00 -1.00192083e-01
   1.03989346e+00  7.39872310e-01 -7.54094591e-01 -9.79084938e-01]
 [-7.10393026e-01  1.06646405e+00 -1.22771766e+00  9.68685012e-01
   1.74198911e-02  7.21305806e-02  6.12051823e-02  2.03532198e+00]
 [-2.40650407e-01  1.83169725e+00  1.81516763e+00 -2.10011572e+00
  -5.81162588e-01  6.37836406e-01  1.18041450e+00  8.34350348e-02]
 [ 1.52182851e-02 -6.57930079e-02  3.05210759e-01  1.17146429e+00
  -8.02619435e-01 -1.97614961e-01  1.48451558e+00  1.94183614e-01]
 [ 1.33728961e+00 -9.21878146e-01  1.03732002e+00  6.55474324e-01
   3.55526711e-02 -5.53162409e-01 -7.17872398e-01  1.27773452e-01]
 [-1.24956386e+00  3.87397306e-01 -4.72544928e-01 -1.48162319e+00
   1.13155374e-01 -2.83628988e-01  1.48621955e-01 -7.76001439e-02]
 [-4.17884086e-01 -6.20755933e-01  6.06595965e-02  2.78739672e-01
  -1.55913964e-01 -1.33153040e+00  2.28157446e-01 -7.25451547e-01]
 [-5.40211791e-01  1.54089195e-01  1.39302843e+00  6.75443825e-01
  -1.05714297e+00 -9.30068723e-01  5.04815789e-01  5.38683737e-01]
 [ 8.11970362e-01 -1.18228009e-01  6.34339965e-01 -5.70434460e-01
   1.57340274e-01 -8.05443630e-01  1.43434721e-02 -2.01753902e-01]
 [-1.54833622e+00  3.33669541e-01 -2.94662868e-01  8.75344868e-01
  -7.09870940e-01 -9.16751455e-01  6.35934487e-01 -9.01726083e-01]
 [-5.47665208e-01 -3.00870054e-01  1.75450488e-01 -1.13263550e+00
  -1.06396276e+00 -1.22958358e+00  3.47340077e-01 -4.56511437e-01]
 [ 1.07269028e+00 -1.77087799e-01  6.83469561e-01  1.78122962e+00
  -1.75276480e+00  1.66899780e-01  6.28451713e-01  1.10937424e+00]
 [ 3.06781800e-01 -1.63316729e+00 -1.13661999e+00  1.42583087e-01
   1.24214067e+00  6.41568383e-01  1.02357599e+00  1.30770095e+00]
 [ 1.76310016e+00  1.40051794e+00  5.67044935e-01  2.17814380e+00
  -1.86849975e+00 -5.56983325e-01 -9.29422314e-01 -6.87343288e-01]
 [ 4.69726718e-01  1.87676270e+00 -2.68859130e-01 -4.80298861e-01
   8.63240051e-01  1.62138881e+00 -1.33553439e-01  2.03162199e+00]
 [-1.37388508e+00  4.48536171e-01 -1.12090850e-01 -7.70427502e-01
   5.02506700e-02 -7.39083013e-01  1.07401971e+00 -1.23527539e+00]
 [-2.42932219e-01 -7.46230058e-01 -1.48355897e+00 -7.72808303e-01
   9.18430120e-02 -2.30310776e-01  9.32240029e-01 -3.97393830e-01]
 [ 9.90906027e-01 -7.59852183e-01 -4.61682217e-01 -2.67985973e+00
   9.41029033e-01 -3.30076431e+00  7.94324809e-01  2.49878911e-01]
 [ 6.40161356e-01 -6.04150879e-01 -3.83753651e-01  1.00110183e+00
  -7.17360403e-01 -3.92524934e-01 -3.51404795e-01  3.39984288e-01]
 [ 2.04755905e-02 -6.08661070e-01 -7.17167966e-01 -1.61349927e+00
   1.46400096e+00  1.40377323e+00 -1.14816351e+00 -1.72908312e-01]
 [-6.96986013e-01 -1.28543254e-01  1.94275420e-01 -8.27299325e-01
   1.32835077e-01 -1.63407712e+00  7.44900485e-01  9.83515752e-02]
 [-2.10715201e-02 -6.37216387e-01 -5.33247301e-01 -5.24727485e-01
  -9.98678487e-01  6.72384768e-01 -4.79413035e-01 -9.79151332e-02]
 [ 5.08659091e-01 -7.68907881e-01 -6.57413934e-01  1.10426993e+00
   1.39664077e+00  1.94255248e+00  1.28483898e+00  1.81311162e-01]
 [ 4.93287536e-01  2.77993712e-01 -5.07853512e-01  1.79680750e+00
   6.05434029e-01 -2.58881641e-01 -1.60697044e+00 -5.35909380e-01]
 [ 1.55990513e-01 -4.68966312e-01 -2.93238697e+00  9.63220033e-02
   1.05554746e+00  3.45616838e-01 -2.70841951e-01  2.84593952e-01]
 [ 2.40320352e-02 -9.24526532e-01  1.20241254e+00  1.96546226e-01
   1.48864859e+00  4.19500976e-01  1.18244249e+00  9.33185904e-01]
 [ 1.52508412e+00  9.13276859e-01 -2.23170611e-01 -5.74204327e-01
  -1.24635485e+00 -1.11292423e+00 -4.09966751e-01  2.42309009e+00]
 [-1.37758026e+00  7.53460635e-01  9.83395847e-01  9.32193845e-01
  -1.10886807e+00  5.74662579e-01  1.22795060e-01  1.34342008e+00]
 [ 2.03978309e+00  1.56836099e+00 -1.71732445e+00  1.70945113e-01
  -9.91014976e-01  9.55285022e-01  1.15485828e+00 -2.96041421e+00]
 [-2.02081788e+00 -2.69991243e-01 -5.06096548e-01 -3.04657451e-03
   2.43014181e-01  7.97634375e-01  1.62079424e+00  1.24484365e+00]
 [ 1.57293089e+00  5.41018957e-01 -5.71854547e-01 -2.24251586e+00
  -2.97500547e-01 -7.53296854e-01  6.06320529e-01 -1.27054378e+00]
 [-1.14681202e+00 -3.04846490e-01 -9.91392100e-01  2.10511205e+00
  -2.26179350e+00  1.26346796e+00  1.63020382e-01  1.72044342e+00]
 [ 6.34803299e-01 -1.07351715e+00 -1.62654920e+00 -1.29984084e-01
   1.76947376e+00  3.10449838e-01  6.67821311e-01 -1.00725455e+00]
 [-5.53318410e-01 -1.57471070e-01  7.15151088e-01  9.22956174e-02
  -5.69775744e-01 -1.17035914e-01  9.78789837e-01  3.13110047e+00]
 [-1.30743511e-01 -5.73921002e-01  2.14312152e+00  1.95247100e+00
  -1.21027949e+00 -1.69962559e+00 -2.20236830e+00  2.81541448e-01]
 [-1.11460868e+00  1.72949337e+00  2.83334579e-01 -1.04549893e+00
   4.84593405e-01  2.31939146e+00 -8.77850663e-01  2.29288317e-01]
 [-1.71810639e-01  2.65132371e+00  5.40273758e-01  6.33891487e-01
   1.27542371e+00 -7.61867995e-01  2.60177900e+00 -1.77164820e+00]
 [-5.55122427e-01  6.59816030e-01  4.97156338e-01  3.21656744e-01
   1.18814068e+00  5.60256297e-01  9.77335239e-01  1.01825524e+00]
 [-2.73862964e-01 -8.34178450e-01  7.86431574e-01 -1.36137526e+00
  -3.97897667e-01 -1.04528062e+00  1.54895467e+00  4.75694470e-01]
 [-1.94566267e-01 -3.65155273e-01 -1.64123984e+00 -2.52942469e-01
  -1.87971384e+00 -2.01290670e+00 -6.66906000e-01 -7.45248477e-01]
 [-8.00120921e-01 -8.07118628e-01 -1.61957096e+00  3.16261559e-01
  -6.67448103e-01  3.40752981e-01  7.56456561e-01  1.06774336e+00]
 [ 1.43801100e+00 -3.01342376e+00  1.67881384e+00 -2.05273693e+00
  -5.84150009e-01 -1.65073585e+00  7.24066195e-01 -7.29464967e-01]
 [ 2.73777322e+00 -1.59785327e+00 -8.11025725e-01  2.29123908e+00
  -1.27550478e+00  1.21418779e+00 -1.80330186e+00  2.36034496e-01]
 [ 9.26699686e-02  1.63279182e-01 -4.57618456e-01 -3.11348773e-02
   1.34870079e+00  1.12492117e+00  6.09070292e-02  1.52617697e+00]
 [ 7.36013112e-01 -1.65989235e+00  2.53377948e+00  7.46783988e-01
   1.35786302e-01 -2.77583628e-01  4.38083411e-01 -1.49186603e+00]]
All edges are between +- 0.25 - 0.50. Not all diagonal entries are positive. The generating W is no DAG.
