[[ 0.          0.          0.          0.43194109  0.          0.
   0.          0.          0.          0.        ]
 [-0.29288096  0.          0.          0.27344301 -0.30046064 -0.28689958
   0.          0.          0.         -0.34901154]
 [ 0.          0.          0.         -0.4211574   0.          0.
   0.          0.          0.37376873  0.        ]
 [ 0.         -0.27356646  0.46304385 -0.39940055 -0.41343928  0.
   0.          0.          0.42286641  0.        ]
 [ 0.          0.          0.47905708  0.          0.          0.
   0.          0.          0.          0.        ]
 [ 0.33988979  0.          0.          0.          0.          0.
  -0.41384768  0.          0.          0.28752852]
 [-0.43220532  0.          0.          0.          0.27809066  0.
   0.          0.45835866  0.          0.        ]
 [-0.43839734  0.         -0.26174217  0.          0.          0.
   0.          0.          0.          0.        ]
 [ 0.          0.40673607 -0.47956316 -0.49972756  0.2581187   0.
   0.          0.          0.          0.        ]
 [ 0.          0.          0.          0.47410972  0.          0.
   0.31889584  0.          0.30482831  0.27172529]]
[[ 0.00000000e+00  0.00000000e+00  0.00000000e+00  0.00000000e+00
   0.00000000e+00  0.00000000e+00  0.00000000e+00  0.00000000e+00
   0.00000000e+00  0.00000000e+00]
 [-3.00370417e-01  4.44305572e-01 -1.01845452e+00 -9.65451387e-02
  -5.79941419e-01  8.83999352e-02 -1.12290422e+00  1.27697089e+00
   2.47652784e-02 -5.50944097e-01]
 [ 2.40666599e+00  1.07702382e+00 -3.09407251e+00 -9.96679481e-01
  -6.27701339e-02 -3.77858579e-01 -1.27034788e+00  7.04236954e-01
   1.02065694e+00 -7.02726566e-01]
 [-1.91007446e+00  1.38733672e+00 -1.09150739e+00  1.75110959e+00
  -1.56768436e+00 -3.49458506e-01  2.06314822e-01 -2.99693070e-01
  -1.60559307e+00 -8.27834017e-01]
 [-3.43901621e-01 -8.32852914e-01  4.16838776e-01  1.72624987e+00
  -2.53625901e+00  6.51848114e-01 -2.26426530e-01  8.52510080e-01
   2.16526280e-01 -2.49289842e+00]
 [ 1.21951096e-01 -4.00427591e-01 -1.32424550e+00 -3.62495654e+00
  -1.04936501e+00 -2.04182001e+00 -6.82056864e-01 -1.15906967e+00
  -2.05599198e+00  1.87069856e+00]
 [ 1.11526884e-01  1.35255066e+00 -2.41575690e-02  2.72893082e+00
   1.02626396e+00  4.10814159e-01  8.36155455e-01  1.16797196e+00
  -3.50931405e+00 -9.53684782e-01]
 [-9.22293641e-01 -2.26811964e+00  1.72201917e+00 -4.56875092e-01
  -2.28511181e+00 -1.18133164e+00 -2.47634342e-01 -1.34708375e+00
  -4.34680769e-01 -1.05510490e+00]
 [ 9.59760446e-01  1.22961129e-01 -1.19015953e+00 -1.07836201e+00
  -7.98436752e-01  2.17102181e+00 -1.87009094e+00 -1.38924809e+00
   2.16148046e-01  9.12946478e-01]
 [ 3.15365083e+00 -8.15595778e-01 -6.09101947e-01  9.11967941e-01
  -1.82979354e+00  7.29998545e-01  4.35598089e-01 -8.48258100e-01
  -5.81382812e-01 -8.57378090e-01]
 [ 2.19895320e+00 -1.88533311e+00 -8.68676651e-01  8.54365638e-01
   2.81806417e-01  1.13050709e+00 -1.84816240e+00  1.50033871e-01
   5.02280787e-01 -4.80127534e-01]
 [ 1.49698287e+00 -6.55225335e-01 -1.24036370e+00  1.54886765e-02
  -1.76377588e-01  2.50007565e+00 -8.85988725e-01 -2.26182291e+00
  -1.02133160e-01  1.93372884e-01]
 [ 2.68223211e+00  1.42007123e+00  1.27632125e+00  9.20881059e-02
  -9.61039614e-01  7.38862994e-01 -2.27390265e+00 -8.05433677e-02
  -4.23458346e-01  2.21401891e+00]
 [ 1.88305012e+00  4.52160097e-01  2.92544458e+00  2.69261312e+00
  -1.71613735e+00 -1.31101942e+00  9.00506194e-01 -2.87369491e-01
  -4.86122923e-01  1.37290738e+00]
 [-8.80216721e-01 -1.24415627e+00  3.24847982e-01 -5.67519631e-01
  -8.81716579e-01  3.31224949e-02  7.87501801e-01  4.01135792e+00
   3.57163925e+00 -1.35432950e-01]
 [-4.39601061e-01  2.07500650e+00 -4.65764781e+00 -4.48420057e+00
   1.85304939e+00  7.41444495e-01 -4.52160856e-01  3.63962938e-01
  -3.67486212e-02 -4.64680998e-01]
 [-3.30976684e-01  2.37022652e+00 -9.08984757e-01  5.09994655e+00
   2.49841869e+00 -4.42401656e-01 -1.18856599e+00  1.18283713e+00
  -4.27969021e+00 -4.91180435e-01]
 [-1.01547576e+00 -2.84663478e+00  4.72321655e+00  7.41797050e-01
  -5.53221399e+00  2.25048127e+00  2.32584479e-01  1.88564994e-01
   1.93711904e+00  5.55714713e-02]
 [ 3.22366018e+00  1.58098673e-01 -2.23261510e+00 -5.74102372e+00
   2.66008589e+00 -8.71505719e-01 -1.26956740e+00 -2.88157482e+00
   9.38315707e-01  8.64510075e-01]
 [ 1.97791785e+00 -5.44273160e-01 -6.92254377e-01  4.48891054e+00
   1.39868913e+00  7.63323059e-01  5.17074357e-01  2.71931623e-01
  -3.62196731e+00 -1.06465111e+00]
 [-3.98758790e-01 -1.84610276e+00  3.39610977e+00  2.36916482e+00
  -2.43980709e+00  1.97939712e+00 -2.09489043e+00 -3.32487493e-01
   1.48806632e+00  9.61876220e-01]
 [ 2.60965962e+00 -4.02538531e-01 -1.43607197e+00 -4.96671456e+00
  -3.06140748e+00 -6.61410476e-01 -2.84601454e+00 -7.86420084e-01
   9.31917010e-01  1.26117993e+00]
 [ 2.26792825e+00  2.78310473e+00 -4.29300845e+00  2.46174831e+00
  -4.94023751e-02  2.43639085e-01 -8.81359051e-01 -2.63821867e+00
  -1.12028614e+00  1.04071508e+00]
 [ 8.08805805e-01 -7.27219630e-01  3.18601981e+00  4.28038252e+00
  -2.74325570e+00  8.71590653e-01 -1.81585392e-01 -1.10502299e+00
   1.09925930e+00 -2.24859815e+00]
 [-1.36036580e-02 -9.30620639e-01 -4.47812877e-01 -4.07501585e+00
  -2.03680548e+00  6.85972354e-01 -1.98136037e+00 -3.37395282e-01
   3.91503869e+00 -2.62395400e+00]
 [ 1.94398403e+00  3.93440103e+00 -6.22201455e+00 -1.93494073e+00
   4.35151248e-01 -1.24768469e+00 -9.97554493e-01 -9.10913661e-01
  -3.61413119e+00  1.55984904e+00]
 [-2.68320120e-01 -1.60502305e+00  1.74532437e+00  8.28005937e+00
  -3.32524670e+00 -2.27005681e+00  2.33824437e-01 -3.07338527e+00
  -2.23938896e+00 -2.98970146e+00]
 [ 1.27365571e+00 -3.50308983e+00  4.14517375e+00 -4.15150333e+00
  -2.63293502e+00 -2.16618551e+00 -7.61444567e-01  4.24681487e-01
   1.95161811e+00 -8.33629946e-01]
 [ 5.14580625e-01  6.09157876e-02 -3.73383449e+00 -1.83884826e+00
   3.33783435e+00  8.24885784e-01  7.51598169e-01 -6.23556441e-01
  -8.94716413e-01  1.02693938e+00]
 [ 7.69016395e-01  1.86452870e+00  2.36022737e+00  2.81872617e+00
   7.80064483e-01  1.33093645e+00  1.46478413e+00  1.11088435e+00
  -2.94960259e+00  5.56249326e-01]
 [-1.04729048e+00 -7.11968991e-01  2.60610186e+00  3.91853397e-01
  -1.53630415e+00 -1.12375858e+00 -4.61512825e-01  5.47685773e-01
   3.45583219e+00 -1.31832486e+00]
 [ 1.97752178e+00  1.52496698e+00 -1.44620418e+00 -4.09314437e+00
   3.73601580e-01 -1.28237311e+00 -9.36288362e-01 -1.44472857e+00
  -6.46905742e-01 -4.36053545e-01]
 [ 1.07889195e+00 -8.07481187e-02 -2.21123006e+00  3.05327657e+00
   9.39290521e-03 -2.25215251e-01  7.29539933e-01 -1.20104718e+00
  -1.49666858e+00 -2.24469355e+00]
 [ 1.23453060e+00 -1.92168459e+00  3.47989341e+00 -9.73621324e-01
  -7.12414081e-01  2.85045131e-01 -9.59211423e-01  5.65085639e-01
  -4.15234627e-01 -1.43505875e+00]
 [-8.65980361e-01  2.29033352e-01 -2.98028869e+00 -1.83648726e+00
   1.14899060e+00 -9.26832011e-02 -1.81697110e+00 -1.43917793e+00
   6.42224771e-01 -2.37778422e-01]
 [ 9.42877643e-01  1.89902671e+00  2.51611236e-01  1.43017588e+00
   1.04865869e+00 -1.20181690e+00  8.66134839e-01 -4.13867927e-01
  -9.42958945e-01 -1.07743398e+00]
 [-1.18168879e+00 -4.50188795e-02  1.84579116e+00 -7.84372551e-01
  -8.85673981e-01 -1.47202612e-01  1.38104679e-02  2.20550773e+00
   6.46663008e-01 -2.91051662e+00]
 [-1.40441574e+00  1.42867040e+00 -3.00451513e+00 -1.71575277e+00
  -2.37054555e-01 -4.29970470e-02 -2.86260955e+00  2.50376442e-01
  -5.28740045e-01 -2.47375878e+00]
 [-6.60994478e-01 -2.06816581e+00  1.71144046e-01  1.91407781e+00
  -2.52590203e+00 -1.75245347e-01 -6.41997624e-01 -8.49110906e-01
  -1.36798567e+00 -4.62342106e-01]
 [ 4.82405587e-01  5.86996150e-01  8.41607718e-01 -2.11760266e+00
  -2.48002652e+00  1.20732523e-01  9.15371484e-02 -2.17155149e+00
   1.50447010e-01  7.01486854e-01]
 [ 7.50610460e-01  4.12650771e-01 -1.85011161e-01 -7.51473864e-01
   2.61267975e-01 -8.93289458e-01  1.15508770e+00  9.49657869e-01
   4.90771947e-01 -3.79196912e-01]
 [-1.04468362e+00  1.11950873e+00 -3.69078345e-01 -1.00015351e-01
   8.81946398e-01 -8.67489688e-01 -5.40177571e-01 -3.98638034e-01
   1.98422764e-01  9.79812970e-01]
 [-9.91274923e-01 -1.95581149e+00 -3.44126980e-01  1.72628004e+00
  -5.07242065e-01  3.10307375e-01  1.71022594e+00  1.47515004e-01
   1.24052426e+00 -2.02101460e+00]
 [-7.68595908e-01  8.34626594e-02 -2.00019978e-01 -3.74738242e+00
   2.40350249e-02 -5.22587361e-02 -1.49473650e+00  3.66609248e-01
   1.08057489e+00 -7.52007426e-01]
 [ 1.31040295e+00  1.36486338e+00 -4.22960319e+00 -2.20548206e+00
   2.52709920e+00 -9.33385098e-01  1.87271583e+00 -5.60804242e-01
  -3.96038323e+00 -6.77898492e-01]
 [-4.80902201e-01 -4.89652037e-01  4.35746771e+00  6.51104960e+00
  -5.95519579e-01 -1.31231952e+00 -2.93167076e-01 -1.11288911e-01
  -3.29031716e+00 -2.12521702e+00]
 [-7.62276826e-01 -3.46651917e+00  4.94829347e+00 -1.52729269e+00
  -3.89664573e+00 -2.31536629e+00 -9.96423510e-01 -1.16752374e+00
   4.70442559e+00 -1.82067306e+00]
 [ 1.50842509e+00  1.81360819e+00 -4.69573178e+00 -6.42979863e+00
   3.08448287e+00  1.72998492e+00 -3.54362094e-01 -8.90304177e-01
   1.59394546e+00 -5.59840511e-01]
 [ 1.06041335e+00  3.55584289e+00 -2.37452069e+00  3.16601340e+00
   2.91934534e+00 -6.07582664e-01 -1.98443134e+00  2.33280237e-01
  -4.51920642e+00 -1.60933979e+00]
 [-2.56410065e+00 -2.76192929e+00  4.52984781e+00  2.06090011e+00
  -4.61966228e+00 -1.76962948e+00 -5.68734895e-01  6.82080258e-01
  -1.53919058e+00 -2.35899389e+00]
 [ 2.24141131e+00 -1.95134191e+00 -1.27464544e+00 -5.65633621e+00
  -4.77729697e-01  2.25898287e+00  1.67346009e+00 -9.49566235e-02
   3.06057396e+00 -1.41409691e+00]
 [-5.09564419e-01  2.69972458e+00 -3.13901910e+00  1.69580052e-01
   6.10164812e+00  2.00721606e+00 -1.23870317e+00  2.46963598e+00
  -2.44190002e+00  8.71812821e-01]
 [-6.10956743e-01 -4.63471668e-01  4.30591601e+00  3.21453702e+00
  -6.96617488e-01 -1.79384326e+00 -1.56612135e+00 -9.15792080e-01
  -9.93427720e-01 -1.46610708e+00]
 [ 1.31879876e+00  2.10958775e-02  2.08063497e+00 -2.59337547e+00
  -2.13994872e+00  3.21549631e-02  4.65515338e-01 -5.36738611e-01
   2.01048608e+00 -3.15602783e-01]
 [-1.23115973e+00  2.65903259e+00 -2.63064661e+00 -1.89287581e-01
  -3.71644403e-01 -3.68883285e-01 -7.33866976e-02  8.85708869e-01
  -4.25251071e-01 -8.63835235e-02]
 [-6.03804104e-02  6.17391442e-01  1.22832127e+00  1.62033448e+00
  -8.18882808e-01 -1.53333266e+00 -9.42652597e-01 -2.67547765e-01
  -1.34370333e+00 -1.37472448e-01]
 [-5.39982317e-01 -1.46815621e+00  2.33267042e+00  8.69833286e-01
  -1.95841219e+00 -3.74825922e-01  1.50203556e+00 -1.81838280e+00
   5.35492568e-02  1.52366438e+00]
 [ 1.83619309e-01 -1.50995414e+00 -9.61396682e-01 -2.04413770e+00
   9.96979240e-01 -5.84910959e-03  5.53874740e-01  1.09154526e+00
   3.08660894e+00  5.32275216e-01]
 [ 6.91800528e-01  9.39006002e-01 -1.33881250e+00 -9.61266319e-01
   9.37618507e-01 -2.42578543e-01 -4.30537447e-01  1.42734817e+00
  -1.43114297e+00 -4.59782304e-01]
 [-6.42437153e-01  4.68836259e-02  2.42757708e-01  5.93415233e-01
   8.37737209e-01 -1.71562927e+00 -1.39298908e+00  4.81978526e-01
  -1.76155183e+00 -5.28251807e-01]
 [-5.09810558e-01  1.98588060e+00  2.38393539e+00 -6.20916300e-01
  -1.60874433e+00 -5.15380703e-01  9.36840203e-01 -1.25669190e+00
  -3.79689085e-01 -1.49373589e+00]
 [ 5.51384378e-01 -1.64569970e-02 -1.78025548e-01 -1.02313922e-01
   2.42334576e-01  7.75844054e-01 -1.77641223e+00  1.75306560e+00
   1.68580075e+00 -1.61564110e+00]
 [-4.40016819e-01  1.71974013e+00 -2.15315856e+00 -4.67977690e-01
   2.24822944e-01  8.72200831e-01 -1.30617621e+00  4.10984634e-01
  -1.57780208e+00 -7.28407143e-01]
 [ 9.49112584e-01 -1.18108134e+00 -7.13206070e-01  1.52668512e+00
  -1.27974014e+00 -2.10126748e+00 -1.04000151e+00  5.74353419e-01
  -1.56621894e-01 -1.75777912e+00]
 [-6.31069799e-01 -3.89054501e-01 -7.14911998e-01 -5.75246980e-01
  -1.57558247e+00 -3.58306590e-01  6.88350842e-01 -1.20761398e-01
  -4.42919368e-01  5.09242355e-01]
 [-2.78636620e-01  6.47997842e-01  7.67498399e-02  1.66195726e+00
   6.54104804e-01  5.84674207e-02 -5.57368939e-01  1.60343563e-02
  -4.43749905e-01 -1.09196021e+00]
 [ 1.54587019e+00  5.21049047e-02  1.81908953e+00 -9.67396453e-01
  -1.57266975e+00  1.54148889e+00  5.11701738e-01 -2.21020885e+00
   6.72673199e-01 -9.15032160e-01]
 [ 2.80570201e+00  1.68021564e+00 -1.62838005e+00  3.91258290e-01
  -4.92913934e-01  1.60865881e+00 -3.30490492e-01  5.61289413e-01
  -5.51224100e-01  5.36470091e-02]
 [-1.70133701e+00 -3.73928535e-01  2.74827869e-01  3.53937715e+00
  -1.59057197e+00  6.10418764e-01  5.12808872e-02 -1.72101544e-01
  -1.06231758e+00 -2.53378636e+00]
 [-6.21638318e-01 -1.08897459e+00  5.84855026e-01 -3.89881471e+00
  -2.26333665e+00  2.11012295e+00  1.00265332e+00 -8.08443952e-02
   1.90791066e+00 -1.56647593e+00]
 [ 1.16369948e+00  1.97832691e+00 -5.33984338e+00 -2.72147240e+00
   3.51840243e+00 -7.25767974e-02 -1.50901522e+00 -6.15736969e-01
  -2.56809964e+00  9.07964846e-01]
 [ 7.44716254e-01 -6.30542182e-02  8.25015816e-01  5.49818101e+00
  -1.85526419e+00  4.69856061e-01 -7.23074155e-01 -5.52419323e-01
  -2.64325479e+00 -1.44813858e+00]
 [ 2.70087497e+00 -3.66503117e+00  3.18119400e+00 -4.89213260e-01
  -2.73578520e+00  2.64285498e-01  3.47272949e-01 -1.86564876e-01
   1.91234535e+00 -1.61494343e-01]
 [ 8.97410342e-01 -2.03870399e-01 -1.73330569e+00 -3.89534644e-01
   1.37916808e+00  1.18807712e+00 -1.36674115e+00 -7.88339882e-01
  -1.41330627e+00  3.62772217e+00]
 [ 1.36407437e+00 -1.33122132e-01  1.97424948e+00  3.48381192e+00
  -5.49038228e-01 -8.93051890e-01 -6.84487490e-01 -6.05150116e-01
   1.34949580e+00  3.69597609e+00]
 [ 1.85609002e+00 -5.59471310e-03  2.20839869e+00 -5.73482262e-01
  -2.40629821e-01 -5.47451100e-01  1.66476392e+00 -9.48182897e-01
   3.32859616e+00  3.40157171e+00]
 [ 9.96234478e-02  3.17413880e+00 -1.53587836e+00 -4.48038378e-01
  -3.77989679e-01 -1.38375352e+00  1.06634491e+00  2.26110281e-01
   1.60582720e+00  1.00842090e+00]
 [-1.56633850e+00  5.26994956e-01 -1.75578352e+00  1.60601165e+00
  -1.05911989e+00 -4.14938925e-01  5.09392716e-01  1.72015283e+00
  -1.77056707e+00 -1.79915344e+00]
 [ 7.85584730e-03 -4.36037927e+00  1.45627458e-01  2.57688343e-01
  -2.02541736e+00  1.10386405e+00  1.11964058e+00  5.67141119e-01
  -5.02312112e-01  4.72373671e-02]
 [ 2.80003409e+00 -1.41061063e+00  1.57780144e+00 -1.56983346e+00
   3.35372359e+00  2.00160818e+00 -1.85022144e-02  1.04972067e+00
  -1.36616720e-01  3.15610598e+00]
 [ 5.98087275e-01 -1.46251236e+00  1.79915562e+00  9.02842590e-01
   1.42990625e+00  6.08363230e-01  1.93520658e+00  3.16849279e-02
   1.13358186e+00  2.47876453e+00]
 [ 8.84014957e-01 -2.91537577e+00  2.19333980e+00  1.03557705e+00
   1.61693051e+00 -5.14517525e-02  2.31798118e+00 -1.25438804e-01
   1.57110589e+00  3.54204091e+00]
 [ 1.07417364e+00  7.32631491e-02  1.35919580e+00 -1.68287269e+00
   1.27044019e+00 -9.55428682e-01  3.58921590e-01  1.91402441e+00
   2.98745374e+00  1.84483652e+00]
 [-1.52456133e+00  3.64106453e+00 -3.26914472e+00 -1.11905185e+00
   2.59579851e-01  2.26067522e-01  1.63454551e+00  4.73700701e-01
  -7.72775439e-01  1.13719715e+00]
 [-1.28827706e+00 -2.73375892e-01 -1.31883636e+00  1.47371257e+00
  -1.23601205e+00 -5.76629418e-02  2.93558211e-01  8.35205716e-01
  -1.34796369e+00 -2.97212972e-01]
 [ 2.08856061e-01 -2.24571147e+00  8.29846964e-01 -1.03914237e+00
  -5.22953927e-01  1.31476601e-01  4.39929812e-01 -4.64210957e-01
  -1.11882655e+00 -1.58227833e+00]
 [ 1.83215366e+00 -4.22756810e-01  1.07418406e-01 -2.33436463e+00
   4.47693301e-01  6.05688983e-01 -2.19319516e+00 -1.40831910e+00
  -4.52520929e-01 -1.76457893e+00]
 [ 3.57417566e-01 -4.33583568e-01 -8.49684001e-01  1.62738894e+00
  -5.39596921e-01  2.62279075e+00 -1.47671654e+00 -9.03118531e-01
  -1.24878806e+00 -1.07559728e-01]
 [ 3.37882664e+00 -1.88034928e+00  1.47983998e+00 -2.07602423e+00
   7.08904545e-01  7.30334518e-01 -1.97823659e+00 -2.49077365e+00
  -1.35229362e+00  9.61100412e-01]
 [ 4.26683834e+00 -3.64856293e-01 -4.79028053e-01  2.41504900e+00
  -2.61983329e-01  4.18367917e-01  6.15792675e-01 -2.22309899e+00
   2.04275018e-01  1.66289438e+00]
 [ 1.12854106e+00 -1.10877433e+00  1.05429323e+00  1.23317370e+00
  -2.61842737e+00  1.02558090e+00  1.15712390e+00  1.10568418e-01
   1.82319769e+00 -6.11741369e-01]
 [-2.27220404e+00 -3.81285920e-01 -1.05223904e+00 -4.13889608e-01
   4.35601052e-01  1.15283643e-03 -2.07800017e-01  4.06727230e-01
  -7.37275127e-01  3.49982877e+00]
 [ 7.94640393e-01 -8.16390736e-01 -4.35571204e-01  1.13365629e+00
  -1.39538220e+00 -1.41661877e+00  1.65587969e+00  2.92542392e-01
   5.76386531e-01  2.80001039e+00]
 [-1.67573652e+00  1.25788691e+00 -9.32240705e-01  1.68759589e+00
   1.04270187e+00 -1.12470757e+00  3.78241556e+00 -1.09658949e+00
   1.10843204e+00  2.29590573e+00]
 [-2.48740367e+00  1.68937039e-01  4.98598366e-01  4.26900041e-01
   9.04892737e-01  1.35066387e+00  2.05804879e-01  6.19954117e-01
   1.25726300e+00  7.48780713e-01]
 [ 1.60204177e+00 -3.36457525e-02 -8.69122780e-01  1.25337056e-01
  -1.02257823e-02 -9.38648238e-01 -1.10457238e+00  1.89697798e+00
   1.55016793e-01  2.35264143e+00]
 [-3.40456923e+00  8.84090715e-01  3.88978784e-02  1.95288297e+00
  -2.10689316e-01  4.64031117e-01  1.14660166e+00 -5.13266839e-01
   5.16919526e-01 -9.57299812e-02]
 [-1.32902012e+00 -9.44192784e-01  9.81439716e-01 -2.15993885e+00
  -9.77101168e-01 -1.07650643e+00  8.50993346e-01  9.40631346e-01
   3.03961024e-01 -7.65767367e-01]
 [-9.22799062e-01  1.83961639e+00 -3.00232385e+00 -2.98972266e+00
   1.36698709e+00 -4.60343761e-02  9.28595766e-01  1.04860145e+00
  -8.29023536e-01 -1.45700008e+00]
 [-2.20559834e+00 -2.26397321e+00 -3.16384430e+00  2.46269007e+00
  -1.16159944e+00 -1.13553696e+00  1.88217431e+00 -8.34679359e-01
  -2.59116955e+00 -8.62847743e-01]]
All edges are between +- 0.25 - 0.50. Not all diagonal entries are positive. The generating W is no DAG.
