[[ 0.95 -0.25]
 [ 1.    0.  ]]
[[ 0.          0.        ]
 [ 0.69688133 -0.11452176]
 [-0.70121061  0.28393642]
 [-0.09018451 -0.78373346]
 [-1.29145305 -2.89987444]
 [-5.40138109 -0.11203159]
 [-4.54034614  2.25152838]
 [-2.72526933 -0.09686977]
 [-3.03141851  0.98134788]
 [-3.72393038  0.71635301]
 [-1.95067457  1.41559023]
 [-0.7433937   0.44030503]
 [ 0.36851182 -0.1332851 ]
 [-1.14906722  0.08274223]
 [-0.27581648  2.29240625]
 [ 2.04776474  0.19130713]
 [ 3.37589923 -0.66396479]
 [ 2.42938834 -1.38276051]
 [ 0.79272175 -2.65547197]
 [-2.91771253 -0.59426788]
 [-3.56838075  0.45022876]
 [-4.28003609 -0.82997808]
 [-5.45353565 -0.08266209]
 [-5.06251468  0.50198764]
 [-6.87995584 -0.3139183 ]
 [-6.17451252  1.71630477]
 [-5.9002371   1.21333377]
 [-4.62158495  1.53148409]
 [-2.4888608   0.66896041]
 [-1.47397897  1.57893795]
 [ 0.52634878 -0.16832057]
 [-0.16230125 -0.46706305]
 [-0.27388462  0.44770853]
 [ 0.24483335  1.25496628]
 [ 2.64086616  0.57097273]
 [ 1.63069161 -1.31131494]
 [-0.8915179  -1.85624342]
 [-4.07227168 -0.21524209]
 [-5.0756798   1.22395868]
 [-2.97358567 -0.60681091]
 [-4.07769985  1.08751104]
 [-4.69324852  1.56299056]
 [-1.83167128 -0.03021701]
 [-2.5734146   0.16376577]
 [-1.17384466  1.14192671]
 [ 1.17674252  0.1506608 ]
 [ 2.8407188  -0.92708679]
 [ 3.08733784 -2.23394002]
 [ 0.59529052 -0.823104  ]
 [-0.49316841  0.48019397]
 [ 1.05522816  1.09667344]
 [ 1.19784287  0.77471175]
 [ 2.84043905 -0.29718407]
 [ 2.13499245  0.36394031]
 [ 2.06108822 -1.28008488]
 [ 0.30346021  1.09845509]
 [ 1.57828249 -0.15794938]
 [ 2.32387991 -1.64428282]
 [-0.21653058 -0.49633946]
 [-0.33456722 -0.43099438]
 [-0.06295145  2.39834209]
 [ 2.61032015  0.04377221]
 [ 2.98016406 -2.27115702]
 [-1.57836498  0.03250857]
 [-0.90901881 -0.46008251]
 [-2.43739504  1.45101373]
 [-2.36043475  0.34093187]
 [-3.29494101  1.74023269]
 [-2.09230726 -0.16415774]
 [-3.03619612  0.5185999 ]
 [-1.74365462  3.55751316]
 [ 2.92351554  1.12012857]
 [ 3.32480171 -0.5206492 ]
 [ 4.13908453 -1.58563259]
 [ 2.60661632 -1.77340275]
 [ 0.90133069 -1.51371543]
 [-0.42219987 -0.45892536]
 [ 0.19612921  0.8152253 ]
 [ 0.06141525 -0.04406485]
 [ 0.74701326  0.36179478]
 [ 1.87160216 -0.6360819 ]
 [ 3.13059618 -0.37505135]
 [ 4.4025178   0.83933886]
 [ 4.82300998 -2.50875378]
 [ 2.2265462  -2.15064195]
 [ 0.22046215 -0.55918678]
 [ 0.10627179  0.59985713]
 [ 1.82544344  0.13851383]
 [ 3.18128434 -0.68460273]
 [ 1.88920851 -2.64102602]
 [-1.30277803  0.3324279 ]
 [-0.89825529  0.19421639]
 [ 0.93594262  0.01290488]
 [ 1.5712944   0.73424565]
 [ 3.33964029  0.33226679]
 [ 2.16508799 -1.71417865]
 [-0.54315056  1.86918361]
 [ 3.34918551  1.47661316]
 [ 4.16278617 -0.29323178]
 [ 1.91110332 -1.93150322]]
time series used in the LASSO example with two variables.
