[[ 0.26157712 -0.27520514  0.31504621  0.2560476   0.27999036  0.32684798]
 [ 0.336437    0.29528933 -0.28009895  0.30959726  0.29467439 -0.2547242 ]
 [ 0.25087935 -0.29693298  0.30278891 -0.27465382 -0.34515551  0.28909894]
 [-0.33789321  0.31510134  0.30302048  0.3495646   0.30369889  0.30900911]
 [-0.28719205  0.29018108  0.30365111 -0.32626852  0.3397249   0.26438346]
 [ 0.34421781  0.34096129  0.27535585  0.25062188  0.27473154  0.34465881]]
[[ 0.00000000e+00  0.00000000e+00  0.00000000e+00  0.00000000e+00
   0.00000000e+00  0.00000000e+00]
 [-5.32953226e-01  4.49611906e-01  3.01540734e-01 -3.36898180e-01
   1.62700330e+00 -1.96370492e-01]
 [-9.87240827e-01  5.82514578e-01  7.70622899e-01 -1.62298917e+00
  -5.85595727e-01  1.21513169e+00]
 [ 1.63489944e+00  1.22997466e-01 -1.21564705e+00  3.10587060e-01
  -6.71571997e-01 -2.30655317e-01]
 [-4.00114314e-02 -1.14600318e+00  1.76732983e-01  1.08234075e+00
  -6.86535644e-01  5.90722101e-01]
 [ 1.71076486e-01  1.67583829e+00  5.08957259e-01  1.01028101e+00
  -2.22971338e+00  1.15694997e+00]
 [ 2.35818441e+00 -7.24004154e-01  1.34641866e+00  1.59195195e+00
   6.70238915e-01 -9.87561722e-01]
 [-7.87665484e-01 -1.55704975e+00  1.56885402e+00  1.29836687e-01
  -3.74672477e-02  8.68565816e-01]
 [-1.35818699e+00 -1.71500443e+00  7.12352990e-01  1.35351351e+00
   7.09383886e-01  1.37494252e+00]
 [-8.29375079e-01  2.59515304e-01  1.06500040e+00 -6.79419328e-01
   7.36931491e-01  2.72858047e+00]
 [ 2.08288358e+00  2.08843915e+00  1.63681065e+00 -5.33389441e-01
  -2.86356773e-01  2.77358533e+00]
 [ 3.73577576e+00 -9.35787004e-01  8.32197864e-01  9.57043227e-01
   4.05467804e-01  8.73630494e-01]
 [ 1.71631935e+00 -1.88943094e+00  1.00949750e+00  6.40897063e-01
   1.17872337e+00  1.07508332e+00]
 [ 1.25533188e-01 -3.18731395e-01  4.40028011e+00 -5.84429426e-01
   5.71083541e-01  1.97290779e+00]
 [ 1.93938554e+00 -7.18814224e-01  1.84455974e+00 -6.74747699e-01
  -1.84261532e+00  2.44977932e+00]
 [ 2.51258520e+00 -1.57757125e+00 -4.91909151e-01  2.44163128e+00
   1.49089461e+00  2.18877677e+00]
 [ 1.64629860e+00  1.55720382e+00  8.51854319e-01  1.37356908e+00
   1.44276340e+00  2.51187580e+00]
 [ 1.36935620e+00  1.66748500e+00  2.74512060e-01  1.87060032e+00
   2.91010650e+00  2.37981371e+00]
 [ 1.58017049e+00  2.37168818e+00  1.86030838e+00  1.61911876e-01
   3.11255760e+00  2.23461936e+00]
 [-6.17300124e-01  3.01814193e+00  3.22800319e+00  1.68620660e+00
   2.23057157e+00  1.11699889e+00]
 [ 1.29046034e+00  1.07067028e+00  2.09312047e+00 -4.81455850e-01
   1.98624889e-01  1.46956835e+00]
 [ 3.07817880e+00  1.73401433e-01  1.23410727e+00  4.17368247e-01
  -1.18206649e+00  1.51141819e+00]
 [ 1.78894898e+00  1.10301138e+00  5.58039674e-01  1.76229562e+00
  -1.07621609e-01  2.86180278e+00]
 [ 1.72613648e+00  7.03243817e-01  2.77315022e+00  2.06141064e+00
   1.82507634e+00  3.29030128e+00]
 [ 2.38800466e+00  1.64509483e+00  1.86117758e+00  3.74261370e+00
   1.62645730e+00  3.22545171e+00]
 [ 8.99601537e-01  9.49817001e-01  2.97047889e+00  3.31185785e+00
   2.73576952e+00  3.84955179e+00]
 [ 8.03170697e-01  2.77497276e+00  3.56394673e+00 -3.61141536e-02
   2.61665386e+00  5.67179000e+00]
 [ 4.88105941e+00  2.98165516e+00  3.04480967e+00 -1.06732075e+00
   4.02346695e+00  4.71588443e+00]
 [ 3.35999416e+00  1.32713054e-01  4.65268858e+00  9.02140198e-01
   4.74997427e+00  4.54114961e+00]
 [ 1.41934119e+00  3.40913634e-01  5.41030436e+00 -8.49040584e-01
   3.40548193e+00  4.47199678e+00]
 [ 1.78518651e+00  4.86372002e-01  4.85459674e+00 -1.25951312e+00
   2.43394950e+00  4.35972303e+00]
 [ 3.82837760e+00 -1.46643629e+00  2.46032067e+00 -1.23883368e+00
   1.54924452e+00  3.79935785e+00]
 [ 3.43414896e+00 -5.31793783e-03  4.63327815e+00 -1.19936965e+00
   1.47329361e+00  3.72212688e+00]
 [ 2.78901412e+00 -6.23424870e-01  3.17430275e+00  1.46767532e+00
  -5.45769894e-01  4.66408015e+00]
 [ 2.49123438e+00 -5.59978682e-03  5.08502873e+00  3.61796255e+00
   1.74940665e+00  3.95048541e+00]
 [ 5.10401145e-01  1.87273257e+00  4.02927872e+00  1.61643061e+00
   1.86249724e+00  4.01912706e+00]
 [ 3.02102603e+00  1.59619180e+00  3.48135072e+00  1.05145405e+00
   2.73396055e+00  3.38318954e+00]
 [ 2.23455142e+00  1.03030139e+00  3.85755833e+00  1.69868787e-01
   2.68168722e+00  4.88928947e+00]
 [ 4.04000505e+00  1.87456810e+00  4.13412786e+00 -1.79013046e-01
   5.12737974e-01  2.98037335e+00]
 [ 3.01031926e+00 -1.05980953e-01  3.19396614e+00 -4.39357382e-01
   1.22720118e+00  3.50573394e+00]
 [ 3.16008714e+00 -1.16800045e-01 -4.19003912e-01  3.99322788e-01
   1.89443124e+00  3.22893593e+00]
 [ 1.84791031e+00  1.57919611e+00  2.35309452e+00  2.03129087e-01
   1.92334379e+00  2.55530140e+00]
 [ 3.27495960e+00  1.69649730e+00  1.54870338e+00  2.24461269e+00
   2.67002951e+00  1.77458865e+00]
 [ 1.26594143e+00 -1.39779606e-01  3.27649145e+00 -2.91494271e-01
   2.37166323e+00  3.54844484e+00]
 [ 2.49753655e+00  2.56229313e-01  3.11595009e+00  7.38387076e-01
   9.82481368e-01  1.77056693e+00]
 [ 1.46068304e+00 -7.00105717e-01  2.36861695e+00 -3.38054114e-01
  -1.81367620e-01  1.73505523e+00]
 [ 1.27719227e+00 -7.57866556e-02  2.56345920e+00 -8.88618110e-01
   3.78731176e-01  2.47064648e+00]
 [ 2.20401905e+00 -4.46859901e-01 -4.79680729e-03 -1.10315552e+00
   5.22529895e-01  2.42747928e+00]
 [ 1.08196482e+00  5.26092217e-01  3.96316732e-01 -1.94133029e+00
   2.45804646e+00  1.36833985e+00]
 [ 1.79660528e+00  1.50099395e+00 -2.09804420e-01 -6.87207948e-02
   8.56905808e-01  1.25555783e+00]
 [ 1.28044443e+00 -8.92577225e-01 -3.57333400e-01  6.95230357e-01
   1.16865264e+00  3.20969749e-01]
 [-7.04591975e-01  5.40813619e-01  1.75102879e+00  1.16274336e+00
   2.40980057e+00 -1.36765489e-01]
 [ 1.09180985e+00  1.46516200e+00  2.74711868e+00 -4.63021802e-01
  -9.08459391e-01  7.62368889e-01]
 [ 1.96975764e+00  7.30165963e-01  9.56133203e-01  7.47467715e-01
  -5.99034265e-01  4.02941424e-02]
 [ 1.82567904e+00  1.01426219e+00  9.03549294e-01  8.41110202e-01
  -3.65379562e-01  1.89087075e+00]
 [ 1.13657283e+00  3.40125621e-01  2.38225563e+00  3.85849737e+00
   2.26894834e+00  1.61358004e+00]
 [-5.05898852e-01  2.23711629e+00  3.74493654e+00  9.15973956e-01
   8.74322517e-01  2.53282484e+00]
 [ 2.14420754e+00  2.61187761e+00  5.65001722e-01 -4.62752872e-01
   1.28587223e-01  1.77566427e+00]
 [ 3.47107805e+00  8.46509026e-01  1.93453962e+00  1.90128221e+00
   1.70061836e+00  5.76703018e-01]
 [ 1.22957397e+00  1.22476562e+00  4.03787032e+00 -6.12518650e-01
   6.76395697e-01  2.33325597e+00]
 [ 1.57041317e+00 -2.58269381e-01  2.70814073e+00 -1.18487061e+00
   3.32030632e-01  9.26623052e-01]
 [ 4.09639244e+00 -2.67772288e+00  1.52953111e+00 -1.22921815e+00
   1.59295914e+00  7.00478045e-02]
 [ 2.67454928e-01 -2.91535790e+00  3.32241461e+00 -1.94386438e+00
   1.33864453e+00  2.57730672e+00]
 [ 1.84393737e+00  3.86454612e-01  2.61404858e+00 -2.08791417e+00
  -3.40254126e-01  1.47618841e+00]
 [ 2.31287115e+00 -1.88727058e+00  2.08204328e+00 -3.96285420e-02
   3.27565761e-01  6.24942683e-01]
 [-2.98917084e-01 -2.22557566e+00  1.76897437e+00 -3.27469448e-01
  -1.68250209e+00  3.56126116e+00]
 [ 9.52410143e-01 -1.45443905e+00  1.59603159e+00 -1.11791055e-01
  -1.69926585e-01  1.85986076e+00]
 [ 1.24226649e+00  1.78266358e-01  1.76540439e+00 -1.36243141e+00
   1.27773132e-01  1.21732381e+00]
 [ 1.52696462e+00 -5.44207121e-01 -2.27920115e-01 -5.76293526e-01
  -2.38788929e+00  3.50671717e-01]
 [ 9.40913948e-01 -5.65212682e-01 -1.43292983e+00  7.75087512e-01
   5.44563806e-02 -1.87580505e+00]
 [ 1.16352035e+00 -9.07309611e-01 -2.24127948e-02  1.95893795e-01
   1.25819587e+00  3.46517467e-01]
 [-1.85989315e+00 -6.85264697e-01  2.09017709e+00  9.36516789e-01
  -1.36897645e+00  3.07556812e+00]
 [-7.93951650e-01  8.12661343e-01  1.94500258e+00  4.23162972e-01
   1.64379406e-01  2.03858980e+00]
 [ 2.99299169e+00 -9.81735960e-01  1.54597643e+00 -1.06622154e+00
   8.51180882e-02  2.85921892e+00]
 [-7.11022084e-01  2.38688855e-01  2.90591888e+00  9.04055755e-01
   1.52624755e-01  3.95039188e+00]
 [ 1.99622783e+00  1.94657201e+00  3.18066985e+00 -7.49422456e-01
   9.24969829e-01  9.52081104e-01]
 [ 2.68531929e+00  1.47468444e+00  6.08164385e-01 -4.63592875e-01
  -5.72490392e-01  5.34385375e-01]
 [ 2.93850686e+00 -5.61151420e-02  4.10705387e-01 -7.00731172e-01
   8.24812560e-02  7.22574828e-01]
 [ 7.54293141e-01 -3.25738947e-01  1.80158446e-01 -3.24800880e-01
   1.45268985e+00  1.25809246e+00]
 [ 5.52039279e-01  8.87511319e-01  1.64873281e+00  1.03536244e+00
  -2.07139711e-01  2.82249056e+00]
 [ 2.19358182e+00  1.71761314e+00  1.25045854e+00  3.17300289e+00
   1.15832323e+00  6.77020792e-01]
 [ 8.87258495e-01  3.30821314e-01  1.45461721e+00  8.26633837e-01
   1.25993340e+00  2.72050653e+00]
 [ 1.16944667e+00 -1.16226480e+00  2.20062960e+00  9.29074886e-01
   2.65277387e+00  2.22286524e+00]
 [ 5.95153102e-01  3.14877015e+00  3.20838123e+00 -1.50287198e+00
   2.22267066e+00  2.32964925e+00]
 [ 2.18268593e+00  1.43740085e+00 -5.37577537e-01 -4.45020754e-01
   1.09247962e+00  3.37307989e+00]
 [ 2.10184514e+00  2.10060887e+00  8.12812104e-02  9.05795574e-01
   2.30002782e+00  2.01114347e+00]
 [-8.02444420e-01  3.17422546e+00 -1.98885272e-01  3.14071640e+00
   3.46791981e+00  2.84244550e+00]
 [-9.04511359e-01  3.18562152e+00  1.96927102e-01  1.81783429e+00
   2.26350452e+00  3.09267732e+00]
 [ 2.03215545e+00  3.75631073e+00  1.33216516e+00  2.98506086e+00
   3.71336585e+00  2.42394322e-01]
 [ 8.90664201e-01  3.61674154e+00  4.08372633e+00  1.43186497e+00
   3.24381619e+00  2.10875820e+00]
 [ 7.29538908e-01  3.75087559e+00  3.24347237e+00 -5.81682140e-01
   7.92722622e-01  3.66489043e+00]
 [ 3.61785855e+00  1.11371942e+00  1.19812491e+00  8.50890468e-01
   1.20409313e-01  1.58593730e+00]
 [ 1.66999322e+00  6.59084402e-01  2.87762476e+00  1.37796215e+00
   1.71506404e+00  1.28352409e+00]
 [ 1.43633513e+00  2.72737250e-01  2.98424320e+00 -4.74216168e-01
   1.07062041e+00  2.80921178e+00]
 [ 1.64678682e+00 -9.98929097e-01  2.87611569e+00 -3.22707180e-01
   9.74643942e-01  2.73415006e+00]
 [ 2.59123462e+00 -8.49340849e-01  1.73912850e+00 -2.07984166e+00
  -1.51264072e+00  1.84884563e+00]
 [ 2.51088694e+00 -4.31090001e+00  1.10784058e+00  4.22876129e-01
  -4.56212165e-01  1.58426046e+00]
 [-1.05114310e+00 -2.26089475e+00  2.41660704e+00  8.44837149e-01
  -9.30466070e-01  2.11616848e+00]
 [-2.25265905e-01 -1.22821532e+00  3.42955472e-01 -1.08681682e+00
   5.13509423e-01  3.09550743e+00]
 [ 1.71517772e+00  4.87771976e-01  2.22931686e+00 -4.07685338e-01
  -9.95744844e-01  1.42003961e+00]]
All edges are between +- 0.25 - 0.50. Not all diagonal entries are positive. The generating W is no DAG.
