[[-0.25  0.    0.25]
 [ 0.25  0.    0.  ]
 [ 0.   -0.25  0.  ]]
[[ 0.00000000e+00  0.00000000e+00  0.00000000e+00]
 [-4.52334780e-01 -9.74034281e-01  5.74650264e-01]
 [ 3.59213811e-01 -8.72682092e-01  9.27459227e-01]
 [-7.24664053e-01  3.52072053e-01 -1.15384356e+00]
 [ 2.15489970e+00  4.87557592e-01 -1.25570466e+00]
 [-1.95627372e-01  1.60478776e+00 -3.35837885e-01]
 [ 8.77120325e-01  5.67995453e-01 -1.58570839e+00]
 [-7.96992631e-01  3.68620867e-01  1.21140875e-01]
 [-6.67424734e-01 -1.40230639e-01 -5.86199319e-01]
 [ 1.03387774e+00 -1.90218330e-01  2.45792439e-01]
 [ 7.24724253e-01 -1.03083614e+00  1.73771890e+00]
 [-8.84394073e-01 -2.19561540e+00 -5.85306721e-01]
 [ 9.44996710e-01 -5.97158215e-01 -1.05116838e+00]
 [-1.09484273e+00 -5.13717459e-01 -2.88641242e-01]
 [-1.80737037e+00  2.83008907e-01 -1.25165588e+00]
 [-1.94392407e-01 -1.10117383e+00 -1.57606206e+00]
 [ 1.06674096e+00  1.41981674e+00 -7.23157026e-01]
 [-2.22915584e+00 -3.58174408e-01 -9.09957411e-01]
 [ 3.42419419e-03  6.23565769e-01  1.66886123e-02]
 [ 2.59869562e+00  5.99153670e-01 -5.38958658e-01]
 [-1.61785287e+00  2.17494043e-01  2.23372987e+00]
 [-7.22376464e-01 -6.58659696e-01 -1.57441190e+00]
 [ 9.70990079e-01 -2.08460953e-01 -1.75885508e-01]
 [-8.15894691e-01 -7.96506095e-01 -1.52907681e+00]
 [ 1.49516057e-01 -8.27582077e-01 -3.38810623e-01]
 [-8.98240040e-01  8.60739247e-01  7.80518149e-01]
 [-2.28530127e-02  1.10444658e-01 -1.82333854e-01]
 [-1.85142450e+00  3.18843953e-01  4.99442806e-01]
 [-1.27093931e+00  1.99888866e+00 -7.50895333e-01]
 [ 1.55219357e+00 -1.36885670e+00 -7.60507811e-01]
 [-1.98343900e+00  2.36528687e-01  2.04974307e+00]
 [ 3.82991972e-01 -1.96884055e+00 -7.78751509e-01]
 [-1.41377876e+00 -2.26704249e+00 -1.61200372e+00]
 [ 7.31629632e-01  1.23505846e+00 -1.67566818e+00]
 [-4.72215984e-02 -6.09149218e-01  9.34431418e-01]
 [ 7.33580441e-02  1.22518186e+00 -4.12425218e-02]
 [ 7.80568343e-01  1.38476974e+00  2.85101179e-01]
 [-1.14090492e+00  3.26667822e-01 -4.91467808e-01]
 [ 1.53026316e+00  2.05648876e-02 -6.28617159e-01]
 [-7.80777597e-01  8.46691359e-01  6.09745079e-01]
 [ 6.78484811e-02 -2.55989439e+00  7.91003420e-01]
 [-1.84248811e+00 -4.22110746e-02  7.89443799e-01]
 [-1.03165994e+00  6.90025879e-01 -9.20689481e-01]
 [-2.12864162e-01  1.33743628e+00 -1.43117971e+00]
 [ 9.69049626e-02 -2.15047755e-01 -3.33716078e+00]
 [ 1.37696682e+00 -1.01097748e-03  6.16705309e-02]
 [ 1.61627773e-01  5.59895147e-02  4.51700991e-01]
 [-6.11737838e-01  1.31523583e-01 -6.66547494e-01]
 [-7.48099474e-01 -9.74947296e-01  3.49431361e-01]
 [ 2.04158958e+00 -1.04457325e+00  4.07309722e-01]
 [-9.07699271e-01 -1.68745334e+00 -4.59301932e-01]
 [ 1.82833606e-01  1.38946650e+00  7.27861952e-01]
 [ 3.17024889e-01 -1.03397243e+00  5.05612819e-01]
 [-7.69033684e-01 -1.10706559e+00 -9.08891360e-01]
 [ 9.36257432e-01 -1.01219183e+00  2.75326265e-01]
 [ 2.41392069e-01 -7.14469279e-01 -2.95573353e+00]
 [-5.50474696e-01 -5.20408190e-01 -3.26930142e-01]
 [ 1.19616711e+00  1.67833495e+00 -1.10226549e+00]
 [ 1.42674461e+00 -2.83735418e-01  1.91119987e-02]
 [-5.71647938e-01 -3.54096730e-01  2.84902578e+00]
 [ 1.34887258e+00  9.14538134e-01  1.91572430e+00]
 [ 5.82493437e-01  9.70702243e-01  8.01520864e-02]
 [ 1.19262887e+00  8.70185545e-01 -5.85630560e-01]
 [ 7.08011744e-01  6.74587516e-01 -1.95524950e+00]
 [ 3.18889378e-01  3.72710083e-01 -1.05278130e+00]
 [-9.34776770e-01  6.47685336e-01 -2.50258604e+00]
 [ 2.12297884e+00 -5.12174194e-01  1.47647078e+00]
 [-1.69761643e+00 -1.26194837e+00  7.77509329e-01]
 [ 6.46942914e-01  3.65596727e-01  2.29837851e-01]
 [-9.26596618e-01 -2.30792311e-01 -7.30381492e-01]
 [ 1.01037289e+00 -7.35263655e-01 -4.64922728e-01]
 [-1.32639202e+00  1.15182531e+00  3.70968036e-01]
 [ 6.43521396e-01  1.22727597e+00 -3.29673574e-01]
 [ 1.07901140e+00  8.69837527e-01 -9.54950915e-01]
 [-5.75614576e-01  5.16647671e-01  5.79875211e-01]
 [ 2.21212136e+00  5.48257853e-01  1.72279731e+00]
 [-1.18024592e+00 -6.68319254e-01  8.58791453e-01]
 [ 9.08048912e-01  4.57019858e-01 -9.80334803e-01]
 [-1.18566929e+00 -3.20355395e-01 -7.73273707e-01]
 [ 1.48850726e+00  7.30465990e-02  1.30127707e-01]
 [ 9.23598800e-01  3.10755173e-01 -1.84839432e+00]
 [-3.93814911e-01  1.90025337e+00 -3.10391307e-01]
 [ 1.42083124e+00  1.80881994e-01 -2.17705442e+00]
 [-1.19364995e+00 -7.91109164e-01  3.79007247e-01]
 [ 3.63525221e-01  2.42781572e-01 -4.24235135e-02]
 [ 9.99711041e-01  8.72415324e-02  8.90932887e-01]
 [-3.34170492e-02 -3.90679254e-01  1.98278615e-01]
 [ 1.20429110e-02  1.10424915e+00 -1.15542174e+00]
 [ 1.39175597e+00 -1.28329640e+00 -6.71761030e-01]
 [-6.54875636e-02 -2.61356252e-01  1.43222549e+00]
 [ 3.60886861e-01 -1.27457981e-01 -8.23544299e-02]
 [-3.96364495e-01 -3.35958141e-01 -5.62432064e-01]
 [ 2.26471478e-01  2.78794978e+00 -3.69499551e-01]
 [-2.21017711e-01  1.87632665e-01  3.71984758e-01]
 [ 1.26297028e+00 -1.54875127e+00  1.32475172e+00]
 [-1.08073468e+00  3.43583320e-01  7.59318298e-01]
 [ 1.31753249e-01  5.94916594e-01 -4.95290179e-01]
 [ 1.16429856e+00 -1.14081394e+00 -1.20265229e+00]
 [-1.29410686e+00 -5.71544733e-01  5.34719850e-01]
 [ 2.50348634e-01 -1.07825735e+00 -9.15635674e-01]]
All edges are either -0.25 or +0.25, and full rank
