[[-0.25  0.    0.25]
 [ 0.    0.   -0.25]
 [ 0.    0.    0.25]]
[[ 0.00000000e+00  0.00000000e+00  0.00000000e+00]
 [ 7.57452037e-01 -4.67866241e-01  4.21262835e-01]
 [-2.21827455e-02 -9.04925618e-01  5.82071977e-02]
 [ 7.60299742e-01 -1.21800146e+00  2.29184440e-01]
 [-1.15104177e+00  1.26159944e-01  1.05338416e+00]
 [ 9.96369602e-02 -1.05586414e+00  2.71114803e-01]
 [-7.00100927e-01 -4.62968874e-01  1.79037941e+00]
 [ 2.08044552e+00 -2.82205620e-01  4.66723209e-01]
 [-3.77496531e+00 -5.24516433e-01  2.30505894e+00]
 [ 1.39821551e+00 -1.72746992e+00 -3.62151494e-01]
 [-7.47968720e-01  4.40251493e-01  1.52107143e+00]
 [-5.61493187e-01  1.69224214e-01  1.39885536e+00]
 [-1.05682095e+00 -5.94762149e-01  1.70599824e+00]
 [-3.44416044e-01  4.64537755e-03 -1.28549472e+00]
 [-3.88970253e-01 -1.57012228e+00 -8.56752321e-01]
 [-9.74416837e-01 -1.33933641e+00 -2.50758553e+00]
 [ 2.37620638e-01 -9.25978736e-01  4.53086479e-01]
 [-3.85392778e-01 -2.22591645e-01  7.19035690e-01]
 [ 1.28520652e+00 -1.07232370e-01 -1.23634712e+00]
 [-2.75729665e-01  9.29515359e-01 -1.53045154e+00]
 [ 1.33083078e+00 -1.70814405e+00 -8.74274324e-01]
 [ 7.22540276e-01  3.69853028e-01  1.26003228e+00]
 [-3.17585801e-01  3.04334294e-02  2.21111828e+00]
 [ 4.75491038e-01 -2.92972325e-01  7.34931955e-01]
 [-1.75405359e+00  5.08829163e-01  2.49210215e-01]
 [ 4.13365373e-01  7.90515980e-01  5.06149431e-01]
 [ 5.92630095e-01  6.25750132e-01  5.38826361e-01]
 [-4.72641112e-01  1.03038205e-01 -6.95890993e-01]
 [ 1.44278199e+00  3.62261918e-01  6.84742754e-01]
 [-4.01602061e-01  9.52030544e-01  1.41950487e-01]
 [-5.52529085e-01 -2.65911536e-01  1.08516551e+00]
 [ 1.99055567e+00 -8.21389162e-01  1.79744507e+00]
 [-1.85276924e+00  4.91684227e-02  6.94423474e-01]
 [ 3.36801206e-01 -5.03154824e-01 -8.02287425e-01]
 [ 1.20690281e+00  1.56745134e+00 -1.27698545e+00]
 [-1.35161326e+00 -5.69939870e-01 -2.79175719e-01]
 [-6.95380443e-01 -1.15564247e+00 -8.42919699e-01]
 [ 1.12369783e+00 -2.46034815e-01 -2.80680463e-01]
 [ 1.27063398e+00  8.31452412e-01  6.39705874e-01]
 [-2.85493593e-01 -3.82545143e-01 -1.06887256e+00]
 [-2.03549281e+00  9.83259460e-01 -1.73869865e+00]
 [ 1.43125477e+00  1.52305353e+00 -6.78903445e-01]
 [-5.56949096e-01 -1.30343540e+00  2.38235952e-01]
 [ 1.01765016e-01  1.34892722e+00 -4.88857081e-01]
 [ 7.41776385e-01  7.95771973e-02 -2.18649742e-01]
 [-1.16976910e+00 -7.19247060e-01 -9.69878563e-01]
 [-1.18080440e+00  9.73881523e-01 -8.96996948e-01]
 [ 2.11133594e-02 -1.32259511e+00 -2.53867949e+00]
 [-8.71306194e-01  5.79709423e-01 -6.01838877e-01]
 [ 1.74924806e-01 -1.04536144e+00 -2.27706022e+00]
 [ 2.83683187e-01  3.43472587e-01 -2.16756850e-01]
 [ 4.90324294e-01  8.32704933e-01 -1.55651254e+00]
 [ 9.05724664e-01 -8.93200922e-01 -3.97315064e-01]
 [-6.56657267e-01 -2.43420622e-01  9.38473689e-01]
 [-1.38500541e-01 -9.87560324e-01 -4.07949751e-01]
 [ 9.45319885e-01  1.11566266e+00  9.07795945e-01]
 [ 9.14547120e-01  8.55267582e-01  1.40050922e+00]
 [-4.48462656e-01 -2.26605460e+00 -1.13830416e+00]
 [-1.33675913e+00  1.08949738e+00  1.48388815e+00]
 [ 1.81560434e+00 -5.33132915e-01 -7.78562854e-01]
 [-3.05338957e-01  3.23992860e-01  9.45220477e-01]
 [-2.43271884e-01  9.19725867e-01 -8.41643179e-01]
 [-2.85622720e-01 -1.06991154e+00 -4.69584342e-02]
 [ 1.07317779e+00 -7.04642423e-01 -1.65300746e-01]
 [-3.58962932e-03  2.69616485e-01  7.46063801e-01]
 [ 1.40459099e-01  1.21066410e+00 -7.45727620e-01]
 [ 6.73818733e-01  5.57322889e-01 -1.56034667e+00]
 [ 6.60839707e-01 -1.05566933e+00  1.17504816e-01]
 [ 9.31504411e-01 -5.40690156e-01 -7.12411205e-01]
 [-1.26966646e+00  4.80081709e-01  1.00804848e-01]
 [ 1.17649009e+00  1.06813297e+00  4.40386069e-01]
 [ 1.01515640e+00 -6.61904270e-01  1.87400688e-01]
 [ 1.77596210e-01 -9.78161738e-03  5.38854127e-01]
 [-1.11821647e-01 -7.72327452e-01 -1.92335395e+00]
 [ 2.94092196e-01 -4.61836355e-01 -3.16775129e-02]
 [ 1.07916657e+00  1.97174958e-01  7.54774623e-01]
 [ 1.18302969e+00 -5.21086374e-01  1.17347284e+00]
 [-1.29552131e+00 -5.66461640e-01  1.76849632e+00]
 [-1.33959576e+00  1.06265926e+00  5.12646899e-01]
 [ 1.40919927e+00 -9.05920844e-01 -5.40583791e-01]
 [-2.90201863e-01 -2.07320930e-01 -2.34735731e-01]
 [ 1.24990561e+00  3.13738873e-01 -3.59965212e-01]
 [-3.79301470e-01 -9.22241459e-01  8.38445010e-01]
 [ 1.93845841e-01  9.90176101e-01 -4.65308117e-01]
 [-3.42765090e-01 -2.41525824e+00  1.92564274e-01]
 [ 1.50844537e+00  5.75093626e-01 -7.56196894e-01]
 [-3.20233990e-01 -6.02910579e-01  5.60610763e-01]
 [-1.50005138e+00  5.62631169e-01  5.62461728e-01]
 [ 1.15397422e+00  4.49210125e-01 -1.05835099e+00]
 [ 3.19007159e-01 -9.77868151e-02 -1.46282922e+00]
 [ 2.60497726e+00 -7.32889083e-02 -1.41676225e+00]
 [-1.05750792e+00  2.05133738e+00  1.78339807e-01]
 [-3.85561400e-02 -9.85366474e-02 -1.01727872e+00]
 [-1.23413565e+00  2.12893009e-01  1.91310100e-01]
 [ 4.00983510e-01  1.21199534e+00 -9.80828738e-01]
 [-1.25851422e-02  1.00936507e-01  6.92027670e-01]
 [ 4.22516522e-01  6.43178114e-01 -8.79120418e-01]
 [ 3.79807087e-02 -1.20951784e+00  7.22335801e-01]
 [ 1.57054153e-01  3.42039102e-01  7.43560714e-01]
 [ 1.13742252e+00 -1.67601965e-01  3.53309525e-01]]
All edges are either -0.25 or +0.25, and full rank
