[[ 0.75  0.    0.  ]
 [ 0.75 -0.75  0.  ]
 [ 0.    0.75  0.  ]]
[[ 0.          0.          0.        ]
 [-0.16510357 -0.14388121 -0.22808012]
 [-0.15163573  1.02990862 -2.15902518]
 [ 0.41379056 -2.29730058 -0.56998708]
 [ 0.14269762 -0.12378292 -0.88957666]
 [-0.12384838  0.79116729 -0.91591227]
 [-0.44814746 -1.89521002 -1.36367963]
 [-2.00255625  0.15514968 -0.60743063]
 [-0.89407427 -3.15733    -1.42412453]
 [-2.01845195  1.15985412 -0.46635814]
 [-0.1163804  -1.32566911  0.143857  ]
 [-1.85887721  2.51912462  1.63362453]
 [-1.58433493 -0.6109783   0.96409821]
 [-1.23457804  0.21372319  0.08053271]
 [-1.79891686 -1.08513121 -1.60049415]
 [-2.35694812 -1.4019919  -0.62781537]
 [-2.73451976  0.52767936 -2.87085286]
 [-1.67949475 -2.65947546 -1.27005629]
 [-3.6317448   2.89534747 -2.26714374]
 [ 0.58445664 -4.06080231 -0.24920973]
 [-2.65353813  3.85258085 -1.02730391]
 [ 0.96219943 -3.32822267  1.34218147]
 [-2.78680115  2.77519875  0.50235168]
 [ 1.23389645 -2.3946713  -0.7620763 ]
 [-0.24053741  0.78712772  1.00125633]
 [ 1.53179137 -0.01550998  1.76769392]
 [ 0.8379212   1.47310988 -0.94194012]
 [ 0.75574258 -0.87639826 -0.98119799]
 [-1.06102603  1.29299834 -1.52413436]
 [ 0.47610849 -1.62217376 -1.25621763]
 [ 1.05499839 -0.24531195  1.86553162]
 [-0.15863963 -0.97714153  2.46672465]
 [-1.41385581  2.40896984  1.09466436]
 [ 0.52661958 -0.67995635  0.98713045]
 [ 0.10747546  0.80225613  0.10736792]
 [ 1.62355357 -2.01789351  1.29100391]
 [-1.68568494  2.51381045  0.57491026]
 [-0.46684067 -1.34395401 -0.46361609]
 [-0.12029823  0.99167495  0.46981337]
 [ 1.7566044  -1.0590165   0.75741583]
 [-0.32881778  0.58751486  2.43212362]
 [ 0.1117869   1.11539655 -0.56443426]
 [-0.62444662 -2.74857935  1.47753627]
 [-2.51455204  3.56155428 -0.76547093]
 [ 0.84485676 -3.2985701  -0.26260909]
 [-1.75996151  3.39605777 -0.77230761]
 [ 4.58596321 -3.53841676 -0.13586715]
 [-0.38426544  3.31455316 -0.73827697]
 [ 2.38808528 -1.41635054  1.33795337]
 [ 1.58432789  2.28752267 -0.70272958]
 [ 3.54648894 -0.58246684  1.36047428]
 [ 1.51180003  0.80498929 -0.57865908]
 [ 3.67211981 -2.02145984 -0.54861558]
 [-0.32762398 -0.10478441  0.33369226]
 [ 2.03227776  1.75751728 -0.15306379]
 [ 4.62855037 -0.82279255 -1.37113403]
 [ 3.63324429 -0.04667434 -0.48443265]
 [ 2.07272949  1.80040113  0.92954384]
 [ 2.96903355 -0.4837602  -0.68890265]
 [ 1.02776403  0.16866766 -0.686135  ]
 [ 1.6049538   0.44742038  0.42901079]
 [ 2.63371432 -2.02494353  1.12913939]
 [ 1.31522485  4.60421748 -1.07025123]
 [ 3.21447259 -5.02388071  0.14155159]
 [-1.30124848  3.72361424 -0.57112784]
 [-0.27362539 -2.76669685 -1.03261964]
 [-2.66029407  1.10398581  0.05702409]
 [-1.32165493 -0.73550844 -1.25413037]
 [-0.40945091  0.45646911  1.79710508]
 [ 0.16535461  1.40062842 -1.32285591]
 [ 2.12398932 -2.14571394 -0.10613634]
 [ 0.81695682  0.30896571  0.58964146]
 [ 0.46316003 -0.07187992  0.7438325 ]
 [ 1.6976725  -0.04657789  2.87501006]
 [ 1.84794665  2.88899102  0.63619865]
 [ 4.71593591 -1.00923549 -0.81227817]
 [ 3.55325277 -0.96501393  0.75431262]
 [ 0.3624538   0.19384939  0.85674007]
 [-0.86469844  0.9384506   0.99089218]
 [-0.56694539  1.61636473  0.09632757]
 [ 1.03578153  1.38438312  0.51573475]
 [ 3.08357429 -0.88524233 -0.31522311]
 [ 2.59840793  0.0318702  -0.09216275]
 [ 0.80093818 -1.03576008  2.7374989 ]
 [ 1.10565088  3.67455627 -1.11946537]
 [ 3.12638948 -2.58950952 -1.25969368]
 [-0.0142089   1.96441314 -0.70035704]
 [ 3.30544323 -1.72752012 -1.49474518]
 [-0.66691031  0.39486396  0.50716878]
 [ 0.19878501  1.12668602  0.46420664]
 [-0.41124245  1.9595021  -0.21832294]
 [ 2.04206866 -1.72026253  0.68502405]
 [-0.1158778   0.52497781 -0.61206595]
 [ 1.76561139 -2.21808861 -0.8350036 ]
 [-1.31966246  1.78498292  0.6153303 ]
 [-0.07359202 -0.43050505 -0.96874859]
 [-1.00092083 -1.17633455  0.79225691]
 [-0.46922253  1.66009058 -0.10775126]
 [-0.03608919 -1.49143855  1.89760665]
 [-1.62436408  1.14337285 -1.63658459]]
All edges are either -0.25 or +0.25, and full rank
