[[ 0.66604434  0.          0.          0.          0.          0.
   0.          0.44782969  0.          0.        ]
 [ 0.0499182   0.69571963  0.          0.43357113 -0.16795089  0.48194815
  -0.54235382  0.48832416 -0.00472738  0.50722365]
 [-0.48273811 -0.09825569  0.60570059  0.49894705  0.33509547  0.04556733
   0.10325396 -0.05690627 -0.1706958   0.52979419]
 [ 0.4728788   0.          0.          0.75273123  0.47348758  0.
  -0.48731529  0.25148873  0.06287231  0.        ]
 [-0.01846837  0.          0.          0.          0.65694729  0.
   0.          0.47123664  0.51473301  0.        ]
 [-0.51173759  0.          0.         -0.03831462 -0.08674565  0.6896899
  -0.0495952  -0.45681793  0.55818001  0.        ]
 [-0.03712766  0.          0.          0.         -0.07974409  0.
   0.66066502  0.08233573  0.55640936  0.        ]
 [ 0.          0.          0.          0.          0.          0.
   0.          0.69207715  0.          0.        ]
 [-0.50540099  0.          0.          0.          0.          0.
   0.          0.4747567   0.79419948  0.        ]
 [-0.03888014  0.          0.          0.49525271  0.08274113  0.48967512
  -0.53091895 -0.18411326 -0.42309518  0.64789689]]
[[ 2.47809841e-01  9.31180947e-01  2.12242835e-01 -1.31365116e+00
  -4.61781633e+00 -4.39958813e+00  6.05606686e+00 -4.78911555e+00
   8.58966223e-01 -3.77456146e-01]
 [ 2.72659264e+00 -3.44256488e-01  1.65121907e+00 -5.03788809e-01
  -5.52301841e+00 -2.58004967e+00  3.74993331e+00 -2.20728034e+00
  -2.87262891e+00  9.39585015e-01]
 [ 4.25033105e+00 -1.89463981e+00  3.10173959e-01  8.67449123e-01
  -2.81298450e+00 -2.71228405e-01  1.87691223e+00 -3.39531239e+00
  -5.30082095e+00  2.17594605e+00]
 [ 5.17359748e+00 -6.71439006e-01  5.63816921e-01  1.11336451e+00
  -2.58042666e+00  1.01933702e+00  4.27191921e-01 -5.10711459e+00
  -5.48138473e+00  4.07160235e-01]
 [ 6.69418878e+00 -5.45028834e-01  6.89919871e-01  1.07132921e+00
  -1.43075513e+00  6.74490126e-01  6.41176667e-01 -5.89301106e+00
  -6.73024640e+00 -1.03101868e-01]
 [ 7.87390250e+00 -2.33718358e+00  2.49007796e-01  2.58734209e-01
  -1.18578107e+00  5.77143660e-01  4.65388885e-01 -4.98750232e+00
  -5.41597711e+00 -2.45572432e-01]
 [ 6.36154414e+00 -1.64316524e+00  1.61505940e+00 -4.77401752e-01
   3.79287752e-01 -1.78924130e+00  9.11769027e-01 -4.57686487e+00
  -4.82225707e+00 -1.93053819e+00]
 [ 6.17171909e+00 -6.28720366e-01  2.51839617e+00 -2.28110917e+00
   1.27114825e+00 -3.31892412e+00  2.59430720e+00 -2.04089823e+00
  -2.25888893e+00 -5.19103094e-01]
 [ 4.10438832e+00  4.44982132e-01  1.18431213e+00 -1.33272439e+00
   8.85347108e-01 -3.12136196e+00  2.89060337e+00  2.32195180e+00
  -1.31955132e+00 -1.30827680e+00]
 [ 3.14234426e+00  2.19863894e-02  9.91716575e-01 -2.15488240e-01
  -1.53837061e+00 -2.78256062e+00  3.77576038e+00  4.27512713e+00
  -6.28106370e-02 -9.76947843e-01]
 [ 3.57854926e+00 -3.54716064e-01  4.50161999e-01  2.28301893e-01
  -1.25210384e-01 -2.69400694e+00  4.84022351e+00  4.29656028e+00
   1.27962792e+00  7.73245361e-01]
 [ 2.68811803e+00 -1.30302626e+00 -9.06490422e-01  1.56338293e+00
   5.44841610e-01 -1.49219822e-01  3.26921976e+00  7.69142762e+00
   2.16172920e+00 -2.13771979e-01]
 [-3.72309007e-01 -1.94354388e+00 -1.01170486e+00 -1.84548567e-01
   3.73741378e-01 -3.28064976e-01  2.43247603e+00  8.74444545e+00
   4.27562679e+00 -8.18216153e-01]
 [-1.22660217e+00 -1.04562705e-01 -4.08317760e-03 -2.45824768e+00
   3.18582343e-01 -2.45958180e+00  2.51043340e+00  6.48419611e+00
   5.72057050e+00 -2.10951632e+00]
 [-3.53869772e+00 -4.71721359e-01  3.13525842e-01 -3.25273894e+00
  -2.19895596e+00 -4.70710796e+00  2.16484393e+00  6.27753402e+00
   6.22162437e+00 -2.51648168e+00]
 [-5.12130882e+00 -1.02459088e+00 -9.38885071e-02 -3.99680492e+00
  -3.82750897e+00 -3.75325819e+00  5.01197649e+00  6.02638130e+00
   2.72869241e+00 -1.66279833e+00]
 [-6.03720374e+00  4.97509174e-01 -1.43612045e+00 -4.87871595e+00
  -5.05145371e+00 -2.99698933e+00  7.51746765e+00  2.71289785e+00
   9.21018815e-02 -8.48404667e-01]
 [-3.61101325e+00 -1.25553719e-01 -1.77964980e+00 -3.50533616e+00
  -7.74766555e+00 -2.95769349e+00  8.65394914e+00 -3.17362705e-01
  -5.82667379e-01 -7.25632897e-01]
 [-6.52619705e-01  1.42204052e-01 -1.41893722e-01 -5.73405231e+00
  -8.48096950e+00 -1.02394146e+00  9.24734170e+00 -5.81121673e+00
  -5.26485892e-02  1.86030494e-01]
 [-3.79899141e+00  1.00011639e+00 -1.14512524e+00 -4.07294105e+00
  -9.71773771e+00 -5.04130805e-01  8.51949909e+00 -9.28327695e+00
   5.48446770e-01  1.13876324e-01]
 [-2.68664623e+00 -2.49712352e-01 -2.17033696e-01 -3.76532760e+00
  -9.65709244e+00  5.75228005e-02  6.47788111e+00 -1.23803020e+01
   3.25365899e-01 -1.07858957e+00]
 [-3.17799322e+00 -1.47881327e-01  1.50596053e+00 -2.32036756e+00
  -9.63386741e+00 -1.84875403e-01  6.59822166e+00 -1.32140166e+01
   2.37576479e-01 -1.40396966e+00]
 [-4.17616542e+00  6.62643954e-02  4.15802853e-01 -2.10494359e+00
  -8.96227643e+00 -8.86013246e-01  5.52634857e+00 -1.41254377e+01
  -5.69571422e-01 -1.56188288e+00]
 [-1.98793988e+00 -8.46152556e-01  1.10043656e+00 -3.07247173e+00
  -8.46444258e+00 -6.40457711e-01  6.65895270e+00 -1.64047187e+01
  -1.66097264e+00 -1.12965335e+00]
 [-2.69277206e+00 -2.19859074e+00  1.60492842e-01 -2.75920441e+00
  -6.58597504e+00 -4.81481466e-02  9.04395564e+00 -1.84334829e+01
  -2.83016683e+00 -3.54855298e-01]
 [-3.11217965e+00 -3.51189442e+00  7.13478232e-01 -3.63612564e+00
  -7.31202669e+00 -1.04751124e+00  7.14936013e+00 -1.91915793e+01
  -1.36845907e+00 -2.05989846e+00]
 [-3.15501769e+00 -1.62889066e+00  4.46281805e-01 -3.83558056e+00
  -7.83111482e+00 -3.50351776e+00  1.01000599e+01 -1.90578836e+01
  -3.32545239e+00 -1.71664247e+00]
 [-3.43536697e-01 -1.19144806e+00  1.16394231e-01 -2.37208087e+00
  -4.33269376e+00 -4.57041960e+00  1.05479163e+01 -1.73661669e+01
  -6.63815885e-01 -2.43084385e+00]
 [ 1.74570740e+00 -2.24316689e+00 -1.17754112e-01 -2.12049385e+00
  -3.34668442e+00 -5.27395663e+00  8.98823107e+00 -1.18090107e+01
   8.66654663e-01 -3.33948164e+00]
 [ 1.62840049e+00 -6.61628788e-01 -8.76472087e-02 -3.44405156e+00
  -4.21142033e+00 -6.46259930e+00  9.38827727e+00 -5.82892023e+00
   3.57181164e+00 -4.46382691e+00]
 [ 7.23683044e-01 -6.64133527e-01  2.94856828e-01 -6.01955573e+00
  -4.62027251e+00 -8.97413292e+00  1.15502853e+01  1.21696006e+00
   4.31961641e+00 -1.46584254e+00]
 [ 1.71133498e-01 -5.76322390e-01 -5.37519066e-01 -4.84635657e+00
  -4.76820703e+00 -6.75157974e+00  1.19566906e+01  3.39448096e+00
   2.31591545e+00 -2.37498628e+00]
 [ 1.15058314e+00  8.41528001e-01 -7.99104340e-01 -3.30679938e+00
  -6.17666322e+00 -7.01612109e+00  1.28164347e+01  2.30261793e+00
   3.14451291e+00 -3.00508180e-01]
 [ 1.29786804e+00 -3.71588313e-02 -1.31449977e-01  6.16522130e-03
  -5.64936322e+00 -3.88882387e+00  1.16935799e+01  4.02831576e+00
   1.93693077e+00 -1.50821594e+00]
 [ 4.10019013e-01  1.42053510e+00 -2.43287589e-01 -2.93025684e-01
  -5.23659423e+00 -3.69747000e+00  8.73017277e+00  5.23457101e+00
   2.30370793e+00  2.93154686e-01]
 [ 1.94754789e+00  2.44876047e+00 -7.42519195e-01  2.55415072e+00
  -5.32187091e+00 -2.62648845e+00  3.54101918e+00  6.75560773e+00
   2.36141853e+00  6.65676063e-01]
 [ 2.55195249e+00  9.12827990e-01 -1.73736147e-01  3.47653760e+00
  -2.18269034e+00  5.31501719e-01 -2.02750318e+00  6.55370125e+00
   1.40269438e+00  2.38495922e-01]
 [ 1.49172244e+00  9.96127958e-01  4.30956767e-01  2.06028082e+00
   2.21049122e-01 -1.09710932e+00 -5.64030610e+00  7.38283598e+00
  -1.86042027e+00  1.06777687e+00]
 [ 1.33076901e+00  9.84313695e-01  1.13435955e+00  2.76377041e+00
   1.65478109e+00  6.43727609e-01 -7.23789068e+00  5.01871748e+00
  -4.07443698e+00  1.46926327e+00]
 [ 5.29014665e+00 -7.04663376e-01  1.28099052e+00  5.44563974e+00
   3.46683507e+00  1.38426144e+00 -6.75946646e+00  3.77545338e+00
  -7.44257914e+00 -7.88233749e-02]
 [ 8.29878135e+00 -6.33060229e-01  1.21602965e+00  4.51555688e+00
   5.94191413e+00  6.89278299e-01 -6.41332236e+00  1.99860419e+00
  -7.82886685e+00  1.64485257e+00]
 [ 1.03007034e+01 -1.85802115e+00 -4.19869511e-02  6.09870099e+00
   6.13882100e+00  5.33836798e-01 -5.93214843e+00  4.11256486e+00
  -7.68935899e+00  1.97158668e+00]
 [ 1.28905547e+01 -1.00760531e+00 -9.70964566e-02  3.41199413e+00
   7.23807944e+00 -2.09978425e+00 -5.30055758e+00  6.81547353e+00
  -5.48140838e+00 -7.85232684e-01]
 [ 1.48717112e+01 -7.90867341e-01 -1.10849424e+00  1.55271520e+00
   5.93097063e+00 -2.79561032e+00 -4.14969816e+00  9.81568598e+00
  -4.72836449e+00 -3.34207563e+00]
 [ 1.66353090e+01  5.40037935e-01 -4.23966616e-01 -1.21299310e+00
   5.88584654e+00 -1.87877411e+00 -1.27346359e+00  1.48438283e+01
  -4.11787011e+00 -3.86897090e+00]
 [ 1.45510450e+01  8.37970159e-01 -2.57079528e+00 -1.57681379e+00
   4.13618787e+00 -4.51960073e+00  1.54051747e+00  1.84844043e+01
  -1.47381302e+00 -3.83324181e+00]
 [ 1.40166928e+01 -5.48633970e-01 -1.17941716e+00 -5.31123241e+00
   1.02718726e+00 -5.12245550e+00  1.91860913e+00  2.41928012e+01
   2.00403243e+00 -3.61450019e+00]
 [ 9.46410070e+00 -3.41665645e-01 -9.80905385e-01 -5.92068362e+00
  -2.40444058e+00 -4.75565335e+00  5.95755094e+00  2.67938064e+01
   1.58016110e+00 -3.89014521e+00]
 [ 5.31766976e+00  9.21462798e-01  7.82909069e-02 -6.73539709e+00
  -4.95865200e+00 -4.44424264e+00  9.14888602e+00  2.44648577e+01
   1.58433601e+00 -3.67430522e+00]
 [ 1.58903819e+00  2.28340725e+00 -9.38950845e-01 -7.40751401e+00
  -8.14350137e+00 -4.14441983e+00  1.10112699e+01  1.96946352e+01
   3.89815771e+00 -1.89225184e+00]
 [-1.61400825e+00  3.04470605e-01 -1.70779114e+00 -6.24429800e+00
  -9.58232917e+00 -2.49276350e+00  1.12043090e+01  1.50536365e+01
   1.57371000e+00 -2.10970438e+00]
 [-3.11955185e+00  3.13365776e-01 -5.36487253e-01 -5.25868152e+00
  -1.08327340e+01 -1.31864329e+00  1.14223919e+01  6.62929945e+00
   2.27831181e+00 -2.67550445e+00]
 [-5.80927994e+00 -1.74065107e+00  7.18164373e-01 -5.78859168e+00
  -1.04697152e+01 -3.69739969e-01  1.14158047e+01  1.20074465e-01
   4.45890944e+00  5.08336062e-01]
 [-9.52512469e+00 -9.89431265e-01  8.21455810e-01 -4.15946539e+00
  -1.03718465e+01 -1.60142463e+00  1.00420199e+01 -6.78185646e+00
   5.27701734e+00 -1.56092487e+00]
 [-1.00643352e+01 -1.91824422e+00  9.67652017e-01 -4.57252628e+00
  -1.07652242e+01 -2.30553044e+00  8.76314627e+00 -1.18743141e+01
   2.34296317e+00 -1.19561092e+00]
 [-8.28532408e+00 -1.50130197e+00  5.97272072e-01 -3.88510550e+00
  -9.27457791e+00 -2.22079182e+00  8.20007518e+00 -1.88840395e+01
   2.37619214e-01  7.75281727e-01]
 [-7.71132529e+00 -1.65128528e+00  1.14976894e+00 -1.92117535e+00
  -7.14746021e+00 -6.84416116e-01  6.60849756e+00 -2.26223870e+01
  -1.87642625e+00 -4.75001622e-01]
 [-5.23997888e+00 -2.06870509e+00  1.93338059e+00 -2.65431326e+00
  -3.83264915e+00 -1.97917156e+00  7.76407484e+00 -2.42594722e+01
  -2.61069307e+00  2.93641581e-03]
 [-2.62641426e+00 -2.55368368e+00  2.26985356e+00 -5.89664555e-01
  -3.14895305e+00 -2.27699003e+00  6.23984532e+00 -2.32697751e+01
  -3.18532985e+00 -6.89328210e-02]
 [ 6.07753664e-01 -8.49486648e-01  1.90065199e+00  1.38767765e-01
   6.98059672e-02 -1.47726745e+00  7.02881581e+00 -2.18393988e+01
  -1.38715290e+00 -4.21905442e-01]
 [ 5.77776507e-01 -1.36943663e+00  1.12168028e+00  6.72024528e-01
   1.49276272e+00 -2.00293495e+00  4.15316015e+00 -1.43682515e+01
   2.47563825e+00  1.03956197e+00]
 [-1.13388741e-01 -1.82543342e+00  1.10015069e+00  3.74585459e-01
  -1.82817343e-01  1.48885525e-01  2.00605450e+00 -8.17304463e+00
   4.38220745e+00  2.64694871e-01]
 [-1.56627824e+00 -1.78117267e+00  1.04053386e+00  1.98867125e-01
   1.61245288e+00 -8.56996987e-01  2.30468134e+00 -5.42399184e+00
   4.05525424e+00  1.09594732e+00]
 [-3.37765424e+00 -9.18069894e-01  1.20515715e-01  8.75130239e-01
   5.52240549e-01 -2.24039161e-01  1.21909988e+00 -2.25356422e+00
   3.24076768e+00  2.70707198e-01]
 [-3.29800788e+00  3.13235238e-01  4.57310118e-01 -1.05018680e+00
   3.85318213e-01 -5.69921185e-01  4.76274589e-01 -1.25382034e+00
   2.97167268e+00  2.03436002e-01]
 [-3.17361870e+00  1.14719718e+00  1.28239903e+00 -4.71316315e-01
   1.07006691e+00  1.07173948e+00  2.62777087e-01 -9.74771868e-01
   2.02479404e+00  1.27677171e+00]
 [-5.31740355e+00  4.94456967e-01  1.48476214e+00 -3.21606676e-01
   1.37956589e-01  3.88382687e-01  7.46793010e-01 -3.06802261e+00
   2.12720584e+00  3.40422504e+00]
 [-5.70496977e+00  2.14222072e+00  9.47474021e-02  1.79671785e+00
  -2.00813363e-01  1.94947652e+00 -2.78251742e+00 -3.13705853e+00
   8.95355275e-01  2.44527996e+00]
 [-5.25410888e+00  8.75733994e-01 -4.38189790e-01  3.70845524e+00
   9.05122427e-01  3.77589400e+00 -7.60288524e+00 -4.80907963e+00
   4.39581332e-01  3.50291149e+00]
 [-2.31450245e+00 -1.02522749e+00 -8.58442328e-01  3.29646087e+00
   2.89323494e+00  6.06202065e+00 -1.02461707e+01 -7.19217049e+00
  -2.82228067e+00  4.45386591e+00]
 [-4.94570597e-01 -1.96329079e+00 -4.48563755e-03  4.72693082e+00
   5.13243877e+00  4.79594994e+00 -1.21279087e+01 -9.90983774e+00
  -4.29048064e+00  2.61363765e+00]
 [ 8.38836493e-01 -1.02739605e+00 -5.09831798e-01  4.03681520e+00
   7.58233026e+00  3.32974847e+00 -1.08202460e+01 -1.07979416e+01
  -6.57946280e+00  4.71217602e-01]
 [ 5.30987981e+00 -1.24181397e+00  5.39576877e-01  2.73291716e+00
   7.42125392e+00  1.63796587e+00 -9.84574227e+00 -8.15157812e+00
  -2.77902236e+00  3.61319456e-01]
 [ 4.86697516e+00  6.82153527e-02 -1.73479420e+00  2.41480221e+00
   7.63589324e+00 -3.26750053e-01 -7.97920094e+00 -2.51063782e+00
  -4.38211110e+00  2.01301970e+00]
 [ 6.65327286e+00  3.01068563e+00 -4.32055895e+00  2.13884121e+00
   6.51997407e+00 -2.47838586e-01 -8.93155998e+00  1.44528217e+00
  -3.44253610e+00  6.84281465e-01]
 [ 9.36182319e+00  2.18358218e+00 -2.92421390e+00  1.24741618e+00
   2.81635954e+00  2.67012115e+00 -8.95161490e+00  7.21869212e+00
  -4.02917185e+00  2.62366592e-01]
 [ 7.31460623e+00  1.11945447e-01 -8.70529479e-01  1.93226037e+00
   1.66069181e+00  1.51375151e+00 -9.82654857e+00  7.25579333e+00
  -5.91338756e+00 -1.06692466e+00]
 [ 7.67762236e+00  1.14922403e-01 -1.39559227e+00 -5.36154279e-01
  -7.65137187e-01  1.63379399e+00 -8.06525431e+00  6.28205980e+00
  -6.76522325e+00 -1.12256613e+00]
 [ 9.46801025e+00  7.71094836e-01 -1.34281228e+00 -1.92242285e+00
   8.46508059e-01  7.17829168e-01 -5.86212088e+00  3.53903367e+00
  -1.00782225e+01 -2.08956915e+00]
 [ 1.08213628e+01  2.96904675e+00 -2.34391693e-01 -1.05714046e+00
  -7.95745797e-01  8.13424146e-01 -2.22802719e+00  1.88252620e+00
  -8.10755482e+00 -1.53504320e+00]
 [ 9.97493437e+00  4.21994990e+00 -6.65908130e-01 -4.48700928e-02
  -1.73805121e+00 -4.73533918e-01 -1.56826239e+00  2.46188478e+00
  -8.47082373e+00  7.08789938e-01]
 [ 1.24046269e+01  3.19617928e+00 -4.69257263e-01  2.17646946e+00
  -1.11345014e+00  1.62137856e+00 -3.81284327e+00  3.29045725e+00
  -8.95250785e+00  2.46894901e+00]
 [ 1.32870248e+01  7.63784240e-01  3.33329184e-01  4.74544024e+00
  -1.55226190e+00  3.68395635e+00 -5.75218643e+00  2.76180484e+00
  -9.18430947e+00  3.34257339e+00]
 [ 1.43752692e+01  1.15204259e-02  1.49491641e+00  6.97613117e+00
   2.59249995e+00  3.62281295e+00 -7.42566074e+00  2.82332012e+00
  -1.02376659e+01  2.37224006e+00]
 [ 1.51649245e+01 -2.87242812e-01  8.09704921e-01  7.35071890e+00
   5.39576637e+00  4.76086459e+00 -1.13913847e+01  3.55574260e+00
  -1.06277804e+01  2.83321897e+00]
 [ 1.64038594e+01 -5.91407066e-01 -1.96571743e-01  6.59263436e+00
   9.09947135e+00  5.11595905e+00 -1.11630780e+01  4.85126830e+00
  -9.08538657e+00  3.27889654e+00]
 [ 1.61436875e+01  5.99697362e-01  5.32062457e-01  5.73447152e+00
   9.22877417e+00  5.40981783e+00 -1.01582307e+01  8.61575655e+00
  -5.42765512e+00  1.61616157e+00]
 [ 1.45719139e+01  2.03466186e+00  1.72839219e+00  6.27974401e+00
   9.13192727e+00  4.34496452e+00 -1.16519135e+01  1.29394622e+01
  -4.05964280e+00  7.75145646e-01]
 [ 9.71104820e+00  1.61651739e+00 -2.53615837e-01  7.46356879e+00
   9.88186651e+00  4.77689506e+00 -1.26789913e+01  1.73941139e+01
  -2.13186524e+00  3.55737734e+00]
 [ 1.07343947e+01  2.39688782e+00 -1.37579080e+00  6.99869666e+00
   1.01457076e+01  5.97855059e+00 -1.60043273e+01  1.90083111e+01
  -3.45008252e+00  8.47193445e-01]
 [ 1.16692990e+01  2.84678047e+00 -8.20364490e-01  5.01336285e+00
   8.92488879e+00  5.48367135e+00 -1.66118132e+01  1.75589047e+01
  -2.44947964e+00  1.08119043e+00]
 [ 1.02504512e+01  2.72931994e+00  1.69824382e-01  4.66837635e+00
   9.84705944e+00  6.39928054e+00 -1.50235017e+01  1.96642274e+01
  -2.69775726e+00  2.78114520e+00]
 [ 7.17217629e+00  9.59076188e-01 -1.90421424e-01  7.60467780e+00
   8.89290399e+00  8.98877666e+00 -1.63930970e+01  1.96440858e+01
  -3.45185643e+00  3.43387876e+00]
 [ 6.68348336e+00  5.71274411e-01 -7.01771803e-01  6.37299897e+00
   9.72797289e+00  8.57584176e+00 -1.58229932e+01  1.43444582e+01
  -3.97507420e+00  1.84220635e+00]
 [ 6.37900157e+00 -6.37831851e-01 -5.80800628e-01  4.99292806e+00
   8.70795047e+00  8.33571194e+00 -1.57497098e+01  1.15956498e+01
  -2.24843033e+00  2.39385914e-03]
 [ 5.64957436e+00 -1.98210598e+00  2.47336674e-01  4.64039032e+00
   8.83851620e+00  5.87001615e+00 -1.32586608e+01  9.40127837e+00
  -1.13923209e+00 -1.32435052e+00]
 [ 2.80558968e+00 -1.27709704e+00 -6.55474116e-01  4.09329550e+00
   8.27749360e+00  2.23596370e+00 -9.53428220e+00  9.51188046e+00
   1.77879244e+00 -4.13998450e+00]
 [ 2.71264114e+00 -2.09693026e+00  2.58400651e+00  3.66117539e-01
   8.54468946e+00 -9.40828572e-01 -7.27826370e+00  1.15983922e+01
   3.74318929e+00 -2.05423397e+00]
 [-2.77309218e-01 -2.23281145e+00  3.77166699e-01 -2.54082094e-01
   5.83916327e+00 -8.23470357e-01 -2.11978201e+00  1.59777722e+01
   4.63545962e+00 -1.94246044e+00]
 [-3.28494909e+00 -1.85924306e+00 -1.92857751e-01 -2.30027307e+00
   3.53567330e+00 -2.99036804e+00  2.69922945e+00  1.43292393e+01
   5.35883484e+00 -9.31201377e-01]]
this data was used in the random walk example.
