[[ 0.35  0.4   0.  ]
 [-0.5   0.3   0.  ]
 [ 0.    0.    0.5 ]]
[[ 0.00000000e+00  0.00000000e+00  0.00000000e+00]
 [-1.94876924e+00 -8.97457482e-01 -7.61611555e-01]
 [-5.83302645e-01 -4.43672769e-01  3.63131727e-01]
 [-7.07532450e-01  1.27379444e+00  3.54317405e-01]
 [-9.38260872e-01 -2.58973785e-01 -1.88582540e-01]
 [ 1.63227719e+00 -1.67354824e+00  1.03029282e+00]
 [ 1.62311620e-01 -1.07976647e+00  9.62458100e-01]
 [-8.56127590e-01 -3.02888804e+00  1.16691419e+00]
 [ 1.63223056e+00 -1.03182138e+00  9.16422941e-01]
 [ 4.16463469e-01  8.17679525e-01  1.61058177e+00]
 [-1.33006923e+00  5.06849281e-01  1.60855995e-01]
 [-7.92651583e-02  1.19798941e+00  1.56312757e+00]
 [-1.94514892e+00 -6.45698805e-01  2.88273662e-01]
 [-6.52104321e-01 -1.85640611e+00  8.23740719e-01]
 [ 1.03352846e+00 -1.92123117e+00 -3.94434586e-01]
 [ 1.92228244e+00  4.21001468e-01 -7.10532163e-01]
 [ 1.51475005e+00 -2.52093822e-01  4.17149115e-01]
 [ 1.49498652e+00  1.85636061e+00 -8.82331517e-01]
 [ 5.48132816e-01  6.17428393e-01 -1.60792737e+00]
 [-7.63145340e-01 -3.15725503e-01 -6.75258068e-01]
 [-6.58119592e-01 -2.17134330e+00  6.62372366e-01]
 [ 1.91058366e+00 -1.17718365e+00  1.00948094e+00]
 [ 1.43898832e+00 -9.60464660e-01  2.59498338e-01]
 [ 1.02792159e+00  1.32923599e+00 -2.97191652e-01]
 [ 7.33132856e-01  1.37023925e+00  2.76263407e-01]
 [-3.44702136e-01  9.62795919e-01 -1.31898647e+00]
 [-1.35466043e-01 -9.20244498e-01 -1.86865135e+00]
 [ 1.45197069e+00 -4.44338129e-01  1.30876864e+00]
 [ 5.15531194e-01  1.47938404e-01 -4.09946093e-01]
 [ 3.62152905e-03 -1.33331632e-01 -4.45474617e-02]
 [-7.13195235e-01  1.01275617e+00  7.77880962e-01]
 [ 6.83821246e-01  1.35529655e+00  8.90501642e-03]
 [-1.64729196e+00 -3.56289348e-01 -6.33655694e-01]
 [-2.46273782e-01  4.45601960e-01 -1.64764333e+00]
 [-1.54226331e+00 -7.36938111e-01 -1.50991888e-01]
 [ 5.48949271e-01 -1.16798657e+00  7.24826446e-01]
 [ 6.77491569e-01 -3.69670958e-01  4.31195810e-02]
 [-7.78348694e-01 -4.82079633e-01  7.78294597e-01]
 [-9.27778837e-01 -9.85507393e-01  5.59430206e-01]
 [ 3.07787785e-01 -8.33227868e-01 -1.03765540e+00]
 [ 7.83170763e-01 -2.61478550e-01  1.42743265e+00]
 [ 8.03302277e-01 -1.60257356e+00  1.92780990e+00]
 [ 1.04408595e+00 -1.35115208e+00  9.36969900e-01]
 [ 7.82373215e-02  1.37610584e+00  1.05251403e+00]
 [ 1.17522998e+00  2.06172534e+00  9.73670671e-01]
 [-2.35122259e-01  7.21565840e-01  1.10558068e+00]
 [ 2.90802637e-01  9.18711200e-01  1.00960259e-01]
 [-2.07432842e+00  2.20714722e+00 -2.28670587e+00]
 [-2.25798217e+00 -1.24504388e+00  3.10154164e-03]
 [-8.50236269e-01 -1.24124086e+00  6.51135496e-01]
 [ 2.03997954e-01 -2.54893204e+00  4.50459703e-01]
 [ 1.92521518e+00 -1.67006511e+00  8.81190121e-01]
 [ 1.48854944e+00  2.43901280e+00  2.95799399e-01]
 [-6.56825525e-02 -5.43871477e-01 -9.36490415e-01]
 [-6.97148993e-01 -3.63965068e+00  1.33835247e-01]
 [ 1.62270673e+00 -2.12223428e+00 -2.44536169e+00]
 [ 1.44448105e+00 -1.64740864e+00 -1.62643760e+00]
 [ 2.03101673e+00  1.83262439e-01 -6.35805183e-01]
 [-9.64529224e-01  2.56549146e+00 -1.99595689e+00]
 [-2.42497884e+00 -4.74315806e-01 -1.69512524e+00]
 [ 1.06412453e+00 -7.33176778e-01  2.97277300e-01]
 [-1.01398760e+00  5.15439302e-02  1.41045566e+00]
 [ 4.70578584e-02 -4.55369878e-01  2.19784662e-03]
 [-1.02864629e+00 -7.85361418e-01  7.43115315e-02]
 [-1.32344541e+00  3.04122367e-01  4.52995942e-01]
 [-1.56726877e+00  3.57900980e-01  1.43700277e+00]
 [-5.13466619e-01 -3.55061200e-01  2.57027761e-01]
 [-6.90697517e-01 -7.74750309e-01  1.20441505e+00]
 [ 4.58301365e-02 -6.99813148e-01  1.09291187e+00]
 [ 7.47465777e-01 -8.27014695e-01  1.18664009e+00]
 [ 8.20308781e-01 -1.58180620e+00  9.90636658e-01]
 [ 1.23378682e+00 -1.79888333e+00 -7.90773322e-02]
 [ 4.16387150e-01  2.08379862e+00 -1.26437069e+00]
 [ 6.16409020e-01  1.43094306e+00 -6.08667766e-01]
 [-9.45802821e-01  4.78296149e-01 -5.07432702e-01]
 [-1.61713793e-01  1.51510940e+00 -1.35108924e-01]
 [ 2.92304575e-01 -6.32195702e-01  9.82961287e-01]
 [ 4.51769227e-01  2.13839416e+00  8.00038225e-01]
 [-2.62424378e+00  6.37898501e-02 -4.92703250e-01]
 [-8.10872383e-01 -3.14035205e-01  5.44751297e-01]
 [-1.93108198e-01 -5.38017126e-01  6.00485923e-01]
 [-2.43544855e-01 -4.37843335e-01  5.04514381e-01]
 [ 1.03546446e+00 -1.20179118e+00 -5.36977925e-01]
 [ 1.12828720e+00  1.14128872e+00 -1.28278121e-01]
 [-6.52682824e-01  2.60549747e+00 -3.55822273e-01]
 [-7.06719551e-01  8.42401663e-01  1.46526446e+00]
 [-1.13409388e+00  4.25414050e-01 -6.12051819e-01]
 [ 5.00946539e-03  3.02469484e-01  1.25567969e+00]
 [-5.37779571e-01 -4.57975219e-01  5.44893751e-01]
 [-9.59303055e-01  1.49655798e-01  4.00274012e-01]
 [ 5.65085269e-01 -9.54666442e-01 -7.73281764e-01]
 [-3.74129634e-02  2.22446038e+00 -1.85549880e+00]
 [-2.07621351e+00  1.24719557e-01  1.30565393e+00]
 [-3.93380394e-01 -2.29864452e+00  1.50539423e+00]
 [ 1.47621829e+00 -1.01860563e+00 -6.63638723e-01]
 [ 2.67327311e+00 -2.84687634e-01 -1.40215607e+00]
 [ 1.03155450e+00  1.06763969e+00  6.68621310e-01]
 [-8.95884989e-01  1.37652744e-01  5.91284709e-01]
 [-3.24013951e-01 -9.82253379e-01  1.66394576e+00]
 [-1.15199533e+00 -7.86661940e-01  7.76395074e-01]]
time series used in the LASSO example with model mismatch.
