[[ 0.5  -0.65  0.  ]
 [ 0.    0.5  -0.25]
 [ 0.    0.    0.4 ]]
[[ 0.          0.          0.        ]
 [ 1.50604169 -0.96411298  1.21020527]
 [-0.02142496 -2.67635775  0.49053931]
 [ 0.83416441 -1.94259267  2.26158825]
 [-0.81644669 -2.86322489  0.0178788 ]
 [-0.15096961 -2.04736884  0.08012447]
 [-1.61671873 -1.80712385  1.63377201]
 [-1.19073178  0.32625061  0.53122776]
 [-0.68840139  0.48465633  0.90461025]
 [-0.43726889  2.39276772 -0.27922331]
 [ 1.17002856  1.65609408 -0.83756344]
 [ 0.88945506 -1.3173855  -0.33972924]
 [-0.58723522 -1.77609583  0.85061398]
 [-0.14442773 -1.5053409  -1.69494144]
 [ 0.93231017 -1.04590514 -0.34186491]
 [ 2.54342691 -1.50207742 -1.0229863 ]
 [ 1.0536414  -1.33890346 -0.52764482]
 [-0.11438058 -1.71722819  1.9018552 ]
 [ 1.51733939 -2.8660366  -0.12212829]
 [-0.796091   -2.92275988  1.17151379]
 [ 1.73190962 -0.94365852  1.08705392]
 [ 1.32402779 -2.55382561  0.49975512]
 [ 2.22267217 -2.50445988  0.30543325]
 [ 0.96390163 -1.07115984  2.62192383]
 [ 1.70458131 -0.75423793  2.54799324]
 [ 2.36183838 -0.96886449 -0.05837949]
 [-0.03811531 -2.24463562  0.56099264]
 [ 1.36856463 -2.03863776  1.10415965]
 [ 1.63204942 -1.91404418  1.6770993 ]
 [ 1.82217707 -0.50401101  1.74692614]
 [ 1.45812157 -0.01190255  1.61788368]
 [ 0.65415252 -0.35946499  1.03642918]
 [ 1.42991096 -2.01222615  0.7238313 ]
 [-0.14798644 -2.21602919 -1.72413932]
 [ 1.34135422  1.53755015  0.180374  ]
 [ 1.25166792 -0.4851184  -0.21268219]
 [ 1.62126849  0.13321138 -0.18964331]
 [ 0.22424702 -1.00879877  0.26216346]
 [-0.92590544  1.32961792 -0.43408805]
 [-1.10159592  0.52019829 -1.28167532]
 [ 1.27176326  0.54356315 -0.17955069]
 [ 2.41883588  0.35267424 -0.87326015]
 [ 1.30844853 -0.80038271 -0.30275994]
 [ 0.99597537 -2.48635932  0.96389215]
 [ 2.07093984 -2.34328565 -1.69131473]
 [ 1.3911128  -2.05210753 -0.53111367]
 [ 3.14029207 -3.92188353  1.16175062]
 [ 1.66505294 -6.09845645  1.6663287 ]
 [ 0.38619164 -2.94697047  2.24091088]
 [-0.67236215 -4.17656193  2.25026227]
 [-0.2092942  -2.82366706  3.06190753]
 [-0.42641959 -1.77791949  0.81089614]
 [-0.98377795 -0.08658671  0.42551873]
 [-1.44060187  0.29480166 -0.20870488]
 [-0.02930604  2.21554553  1.37406659]
 [-0.97243374  0.49869007  1.50430861]
 [-0.46370064 -0.87598032 -0.08547338]
 [ 0.51160886  1.2967492   0.00857805]
 [-0.02064183  1.1139849  -0.55500915]
 [ 0.85785417  0.1201639  -0.35250558]
 [-0.37037881 -0.89678528 -0.63698362]
 [-0.59803358 -2.77472121  0.67990335]
 [ 0.83377749 -0.34414901  0.96894147]
 [ 1.3077005  -0.98680737  2.4258134 ]
 [ 0.92949023 -1.39100698  1.76443437]
 [ 0.38312081 -2.3334699   1.96781822]
 [-0.56087853 -1.09251548  0.82602437]
 [ 0.91960773  0.32959502  2.77087261]
 [ 0.14495035 -0.56791675  1.32173489]
 [-1.34379574 -0.14783494 -0.29933923]
 [-0.60180244 -0.1635424  -0.45252079]
 [-0.77092962 -0.66359128 -1.50025548]
 [ 1.12406057  1.56697887  1.0428721 ]
 [ 3.01190345  1.36239147  1.51952816]
 [ 0.59817311 -2.0267624   1.77547984]
 [-0.52686798 -1.64842313  1.32181382]
 [-0.54401809 -1.7820851   0.8402307 ]
 [-0.50127214 -0.37694801  1.95088075]
 [-1.47609382  0.21257969 -0.02823574]
 [ 0.38009077  0.42842118  1.22124388]
 [ 1.82460836  1.34225399  0.97853906]
 [-0.55265055  0.06100834  0.11783741]
 [-0.06220123 -0.772551    0.31431791]
 [-0.46817393  0.12643439 -0.38698028]
 [-1.11552268  1.22711425  0.38335641]
 [-1.39089193  1.22271533  0.29868501]
 [-0.13912643  2.5280518   0.40096236]
 [ 0.72911682 -0.23544026  0.78900291]
 [ 1.75615994 -0.19285533  0.53705319]
 [ 0.85457435 -2.96814691 -0.771759  ]
 [ 0.53331336 -1.57828541  1.30566349]
 [ 0.90593601 -1.69656986 -0.08771944]
 [-0.66348866 -1.26033055 -0.9263656 ]
 [-0.46544733 -0.063195    0.19116582]
 [-0.41849395  0.55830819  2.35598491]
 [-0.24975899  1.07336689  0.81941792]
 [-1.47032873  0.50402221  0.32943084]
 [-1.76687129  1.89617568  0.77102086]
 [-2.37057345  2.08702936 -0.29812507]
 [-0.23644773  2.9883282   0.47401499]]
time series used in the LASSO example with model mismatch.
