[[ 0.8  0.   0. ]
 [ 0.5  0.8 -0.5]
 [ 0.   0.   0.8]]
[[ 0.00000000e+00  0.00000000e+00  0.00000000e+00]
 [-2.04707659e-01  4.78943338e-01 -5.19438715e-01]
 [-4.80024763e-01  2.34893524e+00  7.38383192e-01]
 [ 8.83355688e-01  2.16089435e+00  1.85261500e-01]
 [ 3.03356646e+00  2.73590484e+00 -2.22845908e+00]
 [ 4.06979722e+00  2.41763675e+00 -1.79780285e+00]
 [ 5.35108549e+00 -6.75279119e-02 -3.01890319e+00]
 [ 5.91612975e+00 -4.92592065e-01 -2.92110004e+00]
 [ 4.96359277e+00  2.85487027e+00 -3.11181152e+00]
 [ 4.82122205e+00  2.40801749e+00 -3.61427079e+00]
 [ 5.58475845e+00  1.92735427e+00 -2.75161558e+00]
 [ 4.71793991e+00  7.10729877e-01 -5.53520126e+00]
 [ 2.26895608e+00 -2.92173497e-01 -4.22338065e+00]
 [ 4.03143623e-01 -1.13911673e-01 -4.29613022e+00]
 [ 5.98441777e-01 -2.45054815e+00 -3.57949129e+00]
 [-2.28851618e+00 -2.93117443e+00 -2.94534921e+00]
 [-3.01005041e+00 -1.96695543e+00 -1.64457869e+00]
 [-3.06023239e+00 -2.23822131e-01 -2.62308548e-01]
 [-2.31342287e+00 -1.90919306e-01  9.06875818e-01]
 [-6.19003336e-01 -1.07199700e+00 -7.28146131e-01]
 [-1.00901657e+00 -9.92344571e-02 -7.07042731e-01]
 [ 5.74959673e-03 -8.94194677e-02 -4.66007600e-01]
 [ 6.30105538e-01  7.81429458e-01 -1.28396520e+00]
 [ 8.71305839e-01 -1.67909031e+00 -2.07035573e+00]
 [-1.36080246e+00 -2.67588196e+00  2.57883263e-01]
 [-1.70294144e+00 -1.45070371e+00  2.54579103e+00]
 [-2.59079240e+00 -1.78283720e+00  1.84081607e+00]
 [-3.69026601e+00 -1.20337421e+00  2.41538756e+00]
 [-4.71161938e+00 -1.45992433e-01  2.96760676e+00]
 [-2.83155478e+00  1.70808127e+00  1.44956337e+00]
 [-5.60612089e-01  1.23488741e+00  1.21802422e+00]
 [ 3.57164715e-01  3.15737137e+00  2.42047465e-01]
 [ 3.86811482e+00  2.55550725e+00 -5.89794555e-01]
 [ 4.49035523e+00  1.29587425e+00 -1.16461953e+00]
 [ 4.39289788e+00 -5.28957896e-01 -2.14217294e+00]
 [ 3.21717522e+00 -1.35217252e+00 -1.93183205e+00]
 [ 1.86139007e+00  1.36520452e-02  1.11549100e-01]
 [ 9.06450392e-01  1.59262173e+00 -4.46321569e-01]
 [ 1.97847305e+00  2.20406614e+00 -2.72263873e+00]
 [ 1.66232453e+00  1.36042599e+00 -3.05965719e+00]
 [ 1.81667151e+00  1.75749913e+00 -4.77692357e+00]
 [ 7.92895286e-02  2.39167087e-01 -4.34668131e+00]
 [ 8.85125338e-01 -8.32355353e-02 -3.73607078e+00]
 [ 7.74139724e-01 -6.73133554e-01 -3.36430327e+00]
 [ 2.65737966e-01 -1.76265213e+00 -4.15571575e+00]
 [ 9.66000514e-01 -4.21113400e-01 -1.98530639e+00]
 [ 1.11739812e+00  9.69829005e-01 -1.81824199e+00]
 [ 1.07748272e+00  1.27465469e+00 -2.76349913e+00]
 [ 2.81987937e+00  1.52768854e+00 -3.50156433e+00]
 [ 3.20672728e+00  8.30425584e-01 -3.83738871e+00]
 [ 2.96345318e+00  1.34466122e+00 -2.84961140e+00]
 [ 2.28591665e+00  1.79381481e+00 -3.25629280e+00]
 [ 1.04785048e+00  1.86203793e+00 -5.06568149e+00]
 [ 1.40181182e+00  2.53554288e+00 -3.76360980e+00]
 [ 2.14152178e+00  1.61220217e+00 -4.39540628e+00]
 [ 6.74530895e-01  3.35846959e+00 -5.09939358e+00]
 [ 3.65902638e+00  2.57621831e+00 -4.53136266e+00]
 [ 6.13611452e+00  2.80740769e+00 -2.68853970e+00]
 [ 5.63319505e+00  2.97329493e+00 -4.42326634e+00]
 [ 4.77935260e+00  1.90800501e+00 -5.94450223e+00]
 [ 3.93865790e+00  1.96155932e+00 -6.26740901e+00]
 [ 3.56425110e+00  1.19660590e+00 -6.92126377e+00]
 [ 5.20481222e+00  2.16709471e+00 -4.86528923e+00]
 [ 4.27301900e+00  1.09896651e+00 -5.37147949e+00]
 [ 3.67846256e+00  1.44876136e-01 -5.57517153e+00]
 [ 3.85398319e+00  3.82794121e-01 -3.81138095e+00]
 [ 4.18556625e+00 -7.14667316e-01 -4.65391786e+00]
 [ 4.28772718e+00 -3.19458644e-01 -2.23831953e+00]
 [ 2.70208898e+00  5.37952528e-02 -2.20831177e+00]
 [ 1.01993474e+00 -7.81983770e-01 -4.43795653e+00]
 [ 2.71970101e-01 -1.37750802e+00 -3.29198259e+00]
 [ 9.86121776e-01 -4.92494570e-01 -2.43861132e+00]
 [ 1.78263002e+00 -5.29717797e-01 -2.74599967e-01]
 [ 3.14392665e-01  1.79507893e-01  1.30875118e+00]
 [ 8.57775220e-02 -3.02082066e-01  1.42561368e+00]
 [-1.04402294e+00 -2.06617019e+00  1.91696013e+00]
 [-8.45431062e-01 -5.45511551e-01  2.65759029e+00]
 [-1.29920928e+00 -2.18452224e-01  1.50401488e+00]
 [-2.89008749e+00 -1.22701752e+00  2.74904080e+00]
 [-3.50178614e+00 -3.40190844e+00  1.75041177e+00]
 [-4.26501087e+00 -2.72056939e+00  3.16653682e+00]
 [-6.13981750e+00 -2.20673556e+00  4.83400347e+00]
 [-6.65765853e+00 -7.25209203e-01  3.88764830e+00]
 [-5.25951784e+00 -8.16391031e-01  4.11454106e+00]
 [-4.94747034e+00  7.40959402e-01  2.62308642e+00]
 [-3.77996255e+00 -2.78420129e-01  2.14884143e+00]
 [-4.37459117e+00 -4.81603016e-01  1.27663636e+00]
 [-5.00089507e+00  7.92923809e-02  1.91869688e-01]
 [-3.15684717e+00 -9.33016030e-02  2.12423957e+00]
 [-3.45923297e+00 -1.05257751e+00  1.47882511e+00]
 [-2.81033731e+00 -1.24239475e+00  2.15922926e+00]
 [-2.46987327e+00 -1.14549060e+00 -2.09353276e-01]
 [-2.38783707e+00 -8.39867412e-01  1.08058513e-01]
 [-3.62447739e+00 -1.55707394e+00  3.18883991e-01]
 [-4.17167888e+00 -1.36107212e+00  6.82899556e-01]
 [-3.97318179e+00 -1.98661401e+00  2.11772921e+00]
 [-5.32303760e+00 -4.20159391e+00  3.82874056e+00]
 [-7.22636256e+00 -2.97769187e+00  4.72675924e+00]
 [-6.92244718e+00 -3.61233254e+00  5.84133147e+00]
 [-7.28406280e+00 -3.11539002e+00  7.82895758e+00]]
This data is used for the exhaustive example.
