[[ 0.41869126 -0.31471056  0.31856657]
 [-0.34293098  0.42923837 -0.42239491]
 [-0.33794179  0.          0.26700988]]
[[ 0.00000000e+00  0.00000000e+00  0.00000000e+00]
 [-3.05826686e-01  3.07233740e-01 -7.92646608e-01]
 [ 2.37044103e-01 -1.58197623e+00  9.65578642e-01]
 [ 4.40858873e-01  1.19889936e+00 -1.46774240e-01]
 [-3.92676794e-01 -8.05206499e-01 -1.41365829e+00]
 [ 2.19138150e+00 -8.80822506e-01  1.51334326e-01]
 [ 1.11572804e+00 -8.61500942e-01 -9.40355979e-01]
 [ 1.83506774e+00 -1.49076754e+00 -7.50037225e-01]
 [ 1.60284184e+00 -2.18560396e+00 -1.29083153e+00]
 [ 1.55214724e+00 -1.44742250e+00 -2.97841448e-01]
 [ 2.52407982e+00 -8.16322645e-01  6.81201706e-01]
 [ 5.12763056e-01 -7.20225599e-01 -8.24856849e-01]
 [-2.84443394e-01 -9.30265156e-01 -8.26034542e-02]
 [-2.04732869e-01 -2.18874840e-01  1.62278155e+00]
 [-1.00321468e+00  5.74441756e-01  3.05517845e-01]
 [ 4.63589915e-01 -1.98818088e-02  9.61501181e-01]
 [-3.76733546e-01 -1.07705677e+00  9.24010863e-01]
 [-8.74691909e-01 -9.01595096e-01  3.99316897e-01]
 [ 4.00771511e-01 -7.68735868e-01  1.07230583e+00]
 [-1.52494424e+00 -1.44823122e+00  4.43304674e-01]
 [-3.99575868e-01 -2.92740601e-01  3.06373831e+00]
 [-8.74385319e-01 -1.36773134e+00  1.26285291e-01]
 [ 6.13720947e-01 -1.26936893e-01  9.02498586e-01]
 [-1.45859858e+00 -5.12927807e-01 -4.64545229e-01]
 [ 4.17195599e-01 -5.22218032e-01 -2.63228122e+00]
 [ 8.72049809e-01 -3.61341952e-02  1.24344471e+00]
 [ 5.05190598e-01 -1.70771533e+00  7.13490858e-01]
 [ 1.74610150e+00 -7.09631374e-01  1.22011274e+00]
 [ 1.16694676e+00 -7.49754584e-01  7.87065168e-01]
 [ 1.50125942e+00  4.46541860e-01  1.27836202e+00]
 [ 5.49351029e-01 -1.58475026e+00  2.80437108e+00]
 [-3.15936416e-01 -2.60412933e+00  6.17809935e-02]
 [-9.61449775e-01 -2.38345537e+00  1.37576086e+00]
 [-7.29476828e-01 -1.99174477e+00  1.67411591e-01]
 [ 9.68888176e-01 -7.89904494e-01 -6.38382555e-01]
 [ 7.00744940e-01 -1.29246605e+00  4.55466779e-01]
 [ 1.08907712e-01 -9.77538216e-01  2.19210762e+00]
 [-1.06307432e+00 -1.48979757e+00  1.01211506e+00]
 [ 1.01981850e+00 -5.19300181e-01  8.69720981e-01]
 [ 2.10778429e+00 -4.03047951e-01 -2.03802304e-01]
 [-1.51283896e-02 -9.44853346e-02  8.15795488e-01]
 [-9.20211284e-01 -6.57132225e-01  1.26293209e-01]
 [-1.77144951e+00  1.08635818e-01  5.71135543e-01]
 [ 1.92549513e-01  9.92032903e-01  2.22170663e+00]
 [-6.07140944e-01  2.65871165e-01 -1.39927320e+00]
 [ 1.96863035e+00  4.97473131e-01 -1.29004433e+00]
 [ 2.63280514e+00 -1.72650027e+00  1.69700286e+00]
 [ 2.00883806e+00 -1.14675909e+00  4.63667530e-01]
 [ 1.86721695e+00 -1.23225733e+00  2.18489448e+00]
 [ 3.78153907e-01 -2.62454486e+00  1.90607976e+00]
 [ 1.42209297e-01 -2.83713730e-01  2.16177850e+00]
 [-9.55900806e-01 -1.01858911e+00 -4.02680482e-01]
 [ 1.39228949e-01 -3.51646785e-01  2.68572396e+00]
 [-1.48715622e+00 -1.26717137e+00  1.38780288e+00]
 [ 1.35788189e+00 -1.53199763e+00  1.39533096e+00]
 [ 1.59899180e+00 -1.65993801e+00  1.65332140e+00]
 [ 8.49448823e-01 -6.33459908e-01  1.44554305e+00]
 [-9.74379971e-01 -2.56459177e+00  5.62914892e-01]
 [-3.76484458e-01  1.11668129e-01  9.30355572e-01]
 [ 7.50836335e-01 -2.19694066e+00  1.87827177e-01]
 [ 1.49645014e+00 -2.94360116e+00  2.04492213e+00]
 [ 1.54591963e+00 -6.41926782e-01  2.46795838e+00]
 [ 1.33738954e-01 -1.46788631e+00  1.18114666e+00]
 [-7.02340548e-01 -2.79919778e+00  1.05417780e+00]
 [ 1.11121064e+00 -1.07922613e+00  2.32895017e-01]
 [ 2.42856339e+00 -1.26500750e+00 -1.14754938e+00]
 [ 3.21581678e+00 -2.43555592e+00  4.64597148e-01]
 [ 2.29985127e+00 -7.84699181e-01  1.18965129e+00]
 [ 1.71621963e+00 -1.73761661e+00  1.64327418e+00]
 [ 1.05479609e+00 -1.68612660e+00  1.53347896e+00]
 [-3.06057710e-01 -1.19007837e+00 -1.35182860e-03]
 [-1.21096715e-01 -9.66887380e-01  8.20371564e-01]
 [ 1.25201254e+00  1.65746740e-01 -2.65292715e-02]
 [ 1.06376628e+00  3.19827504e-01 -7.69802514e-01]
 [ 4.37869787e-01 -7.67846916e-01 -4.66145224e-01]
 [ 1.85320776e-01  3.34697562e-01 -1.67903842e+00]
 [-1.44895625e+00 -3.09139621e-01 -5.06497355e-01]
 [-1.50502145e+00 -1.30952441e+00 -1.57742827e+00]
 [ 1.32610755e+00  4.34076800e-01 -1.18115294e+00]
 [ 4.89929555e-01  8.54799538e-01 -7.28859752e-01]
 [-3.87476885e-01  1.53579167e-01  2.73666090e+00]
 [-1.55403196e+00 -5.70513952e-01  1.22173758e+00]
 [-3.14680417e+00  1.26174224e+00 -4.27295045e-02]
 [-4.54236242e-01  1.38511373e-01 -3.28993726e+00]
 [-5.23050715e-01 -8.15173932e-02 -4.86355248e-01]
 [ 2.39162149e+00  3.18925679e-01  9.15405879e-01]
 [-1.83476087e-02 -6.33372602e-01  1.02925994e+00]
 [-2.05891274e-01 -1.76887466e+00 -2.19840634e-01]
 [-6.22477478e-01 -4.52526583e-01  1.03937659e+00]
 [-4.50549112e-01 -6.40658436e-01 -7.04696244e-01]
 [ 2.54689475e-01 -9.69231583e-01 -5.43712058e-01]
 [-2.25762306e+00  9.82920918e-01  9.79878743e-01]
 [-1.32351993e+00  1.82082689e+00 -2.34432590e-01]
 [-2.65572962e+00  1.59085061e+00 -1.78292051e+00]
 [-2.24233175e+00  1.52875211e+00 -2.04075269e+00]
 [ 2.30029822e-01  3.32697360e-01 -5.44948477e-01]
 [-1.03482181e+00 -4.86151591e-01  1.13670820e+00]
 [ 1.96907185e-02  2.75466855e-01  1.06222675e+00]
 [-1.06737035e+00 -1.06527386e+00 -5.39448468e-01]
 [-1.22353230e+00 -5.42968682e-01 -6.37214933e-01]]
All edges are between +- 0.25 - 0.50. All diagonal entries are positive. The generating W is no DAG.
