
[[0.8, 1.0, 1.0, 1.0, 1.0, 1.0, 1.0, 1.0, 1.0, 1.0], [0.2, 0.0, 0.0, 0.0, 0.0, 0.0, 0.0, 0.0, 0.0, 0.0], [1, 0, 0, 0, 0, 0, 0, 0, 0, 0], [0.2, 0.0, 0.0, 0.0, 0.0, 0.0, 0.0, 0.0, 0.0, 0.0], [5.085860639088438, 4.939524994714138, 5.151179757137092, 5.050099435668694, 5.090059902693953, 4.8801623240989915, 5.0591082027264695, 5.013857849870066, 4.940966954247983, 4.998702028999628], [5.067091461238469, 5.004804589009563, 5.011359464596717, 5.004174936400874, 5.030331442381927, 5.007825100471506, 5.004443024521683, 5.01414039178284, 5.00916453706551, 5.0091792450135735]]
[[1.0, 1.0, 1.0, 1.0, 1.0, 1.0, 1.0, 1.0, 1.0, 1.0], [0.0, 0.0, 0.0, 0.0, 0.0, 0.0, 0.0, 0.0, 0.0, 0.0], [0, 0, 0, 0, 0, 0, 0, 0, 0, 0], [0.0, 0.0, 0.0, 0.0, 0.0, 0.0, 0.0, 0.0, 0.0, 0.0], [5.006623912459076, 4.939404761577021, 5.151561105973774, 5.050096260069284, 5.094740329652353, 4.880520364525735, 5.059069101699929, 5.015483727220082, 4.938993533529716, 4.99665544964648], [5.011037312744472, 5.004683840566198, 5.011738763440535, 5.003725786231763, 5.037170866498381, 5.0092249626095295, 5.004547409196799, 5.017490057417431, 5.011060758925002, 5.008179990135842]]
[[1.0, 1.0, 1.0, 1.0, 1.0, 0.6, 1.0, 1.0, 1.0, 1.0], [0.0, 0.0, 0.0, 0.0, 0.0, 0.25, 0.0, 0.0, 0.0, 0.0], [0, 0, 0, 0, 0, 2, 0, 0, 0, 0], [0.0, 0.0, 0.0, 0.0, 0.0, 0.2, 0.0, 0.0, 0.0, 0.0], [5.0025756443222695, 4.939693232422805, 5.151561105973774, 5.050096260069284, 5.119560145229469, 5.498511994805082, 5.059069101699929, 5.015457506250267, 4.938993533529716, 4.99665544964648], [5.001288575802457, 5.005049311609712, 5.011738763440533, 5.003725786231765, 5.041722594069675, 5.54532868594222, 5.004547409196798, 5.014047042861595, 5.0110607589250025, 5.008179990135838]]

[[1.0, 1.0, 0.9090909090909091, 1.0, 1.0, 1.0, 0.9545454545454546, 1.0, 0.9545454545454546, 1.0], [0.0, 0.0, 0.13043478260869565, 0.0, 0.0, 0.0, 0.045454545454545456, 0.0, 0.045454545454545456, 0.0], [0, 0, 4, 0, 0, 0, 1, 0, 1, 0], [0.0, 0.0, 0.13043478260869565, 0.0, 0.0, 0.0, 0.043478260869565216, 0.0, 0.043478260869565216, 0.0], [10.147581929708778, 10.064326982818068, 16.008606702734166, 10.001206098779361, 10.020053196750476, 10.001799326314925, 10.24050985959837, 10.161311294332682, 10.39920739709962, 10.502306062928236], [10.159619142949927, 10.031901124694327, 15.821880816894666, 10.063068014873721, 10.046104836531104, 10.217993421677647, 10.177119055557927, 10.299409168746369, 10.160405579505541, 10.66261412226287]]
[[1.0, 1.0, 1.0, 1.0, 1.0, 1.0, 1.0, 1.0, 1.0, 1.0], [0.0, 0.0, 0.0, 0.0, 0.0, 0.0, 0.0, 0.0, 0.0, 0.0], [0, 0, 0, 0, 0, 0, 0, 0, 0, 0], [0.0, 0.0, 0.0, 0.0, 0.0, 0.0, 0.0, 0.0, 0.0, 0.0], [10.081134754936876, 10.084939928991155, 10.125440065284943, 10.001085813053907, 10.052912318470636, 9.978114391444214, 10.119154717628561, 10.21227503422703, 10.314830579462622, 10.380438395579544], [10.104334448177404, 10.044977681506358, 10.147950292064834, 10.06833173411492, 10.077805159613497, 10.177792535215918, 10.069001043561844, 10.354341637182037, 10.091209706081461, 10.521319382379987]]
[[0.7272727272727273, 0.9545454545454546, 0.8181818181818182, 1.0, 1.0, 0.5909090909090909, 1.0, 0.6363636363636364, 0.8181818181818182, 0.8181818181818182], [0.4074074074074074, 0.16, 0.3076923076923077, 0.0, 0.0, 0.5357142857142857, 0.0, 0.5172413793103449, 0.21739130434782608, 0.4], [14, 4, 9, 0, 0, 21, 0, 20, 8, 13], [0.4782608695652174, 0.17391304347826086, 0.34782608695652173, 0.0, 0.0, 0.6521739130434783, 0.0, 0.6521739130434783, 0.21739130434782608, 0.5217391304347826], [18.343961578352637, 10.27236523416964, 16.02386688254167, 10.001513935159451, 10.046130461753084, 12.842536862131077, 10.117220567189158, 18.803638595820328, 18.74912803422331, 15.093277814614678], [18.244015251532737, 10.27035610248564, 15.82944180080127, 10.082877473451692, 10.0708242511418, 13.234125076003162, 10.070695180326485, 18.872518901347224, 18.409869892610136, 15.48540973361437]]

[[0.8064516129032258, 0.9447004608294931, 0.8894009216589862, 0.6175115207373272, 0.7972350230414746, 0.9447004608294931, 0.8709677419354839, 0.7465437788018433, 0.9170506912442397, 0.7511520737327189], [0.3110236220472441, 0.17670682730923695, 0.23412698412698413, 0.37383177570093457, 0.34220532319391633, 0.20233463035019456, 0.23170731707317074, 0.3745173745173745, 0.2134387351778656, 0.37786259541984735], [116, 49, 76, 159, 129, 59, 81, 144, 66, 148], [0.3623853211009174, 0.2018348623853211, 0.2706422018348624, 0.3669724770642202, 0.41284403669724773, 0.23853211009174313, 0.26146788990825687, 0.44495412844036697, 0.24770642201834864, 0.4541284403669725], [9086.87630912888, 28192.628473729703, 7452.620063860831, 1958286.0593523039, 97833.86702518913, 7704.866261799242, 30438.7024622041, 338396.5953818931, 40417.40758407786, 288935.2579369192], [9144.99935381353, 28572.33758795189, 7304.071271421093, 1864146.446782214, 102786.79619295146, 7361.652602022059, 30526.307880725515, 366670.73975710355, 38687.3570534827, 300129.1928688904]]
[[0.9907834101382489, 1.0, 1.0, 1.0, 1.0, 1.0, 1.0, 1.0, 1.0, 1.0], [0.004629629629629629, 0.02252252252252252, 0.01809954751131222, 0.0045871559633027525, 0.0045871559633027525, 0.02252252252252252, 0.013636363636363636, 0.0091324200913242, 0.0045871559633027525, 0.0045871559633027525], [3, 5, 4, 1, 1, 5, 3, 2, 1, 1], [0.0045871559633027525, 0.022935779816513763, 0.01834862385321101, 0.0045871559633027525, 0.0045871559633027525, 0.022935779816513763, 0.013761467889908258, 0.009174311926605505, 0.0045871559633027525, 0.0045871559633027525], [367.73302042157667, 2159.0713871571616, 927.2333846472163, 34439.32717202236, 3231.701380833094, 1737.9483335135876, 12893.802217818835, 5433.059552054289, 259.7479980375881, 27678.720529661343], [370.49247506876594, 2193.621977145125, 904.6995485461634, 32712.66313251712, 3416.534924336315, 1671.8804703679316, 12948.680898098482, 5860.470530146772, 254.16057380167084, 28742.913997660664]]
[[0.5576036866359447, 0.695852534562212, 0.6682027649769585, 0.5852534562211982, 0.5898617511520737, 0.5668202764976958, 0.7142857142857143, 0.5898617511520737, 0.6820276497695853, 0.728110599078341], [0.48945147679324896, 0.4607142857142857, 0.46886446886446886, 0.4816326530612245, 0.4155251141552511, 0.5, 0.43223443223443225, 0.4553191489361702, 0.4196078431372549, 0.4570446735395189], [200, 184, 192, 198, 172, 205, 172, 189, 167, 178], [0.5321100917431193, 0.591743119266055, 0.5871559633027523, 0.5412844036697247, 0.41743119266055045, 0.5642201834862385, 0.5412844036697247, 0.4908256880733945, 0.4908256880733945, 0.6100917431192661], [200917.6677645522, 9401.828178828091, 32590.066122553493, 2629422.632641356, 100544.72929917976, 149456.88153809865, 173293.5632819364, 681922.4469384312, 119770.08545687897, 1374113.3117492883], [202439.5982826029, 9516.69705917516, 32062.98731887662, 2507735.9328839723, 106327.13616158885, 141431.1409765079, 173778.72079238857, 739593.588748572, 114723.14937360362, 1426037.6194864977]]

[[0.9169675090252708, 0.9025270758122743, 0.851985559566787, 0.8880866425992779, 0.9133574007220217, 0.9205776173285198, 0.9025270758122743, 0.8736462093862816], [0.25513196480938416, 0.3131868131868132, 0.3426183844011142, 0.3387096774193548, 0.28328611898017, 0.3625, 0.35732647814910024, 0.41686746987951806], [104, 137, 152, 154, 121, 161, 162, 205], [0.03482786228983187, 0.045636509207365894, 0.04923939151321057, 0.05044035228182546, 0.040032025620496396, 0.05804643714971978, 0.055644515612489995, 0.06925540432345877], [62502.381941685206, 4374.74205033768, 3964.258901610872, 1243.4235312407172, 3562.7344238385326, 1941.8167388789004, 4096.017377207516, 30663.15392910965], [62954.370705540794, 4076.6703592573463, 3806.95239604281, 1236.1733369535473, 3546.8667602478117, 1889.2833308094312, 3978.755776583382, 31751.325228442885]]
[[1.0, 1.0, 1.0, 1.0, 1.0, 1.0, 1.0, 0.9963898916967509], [0.01773049645390071, 0.03819444444444445, 0.028070175438596492, 0.0035971223021582736, 0.01773049645390071, 0.01773049645390071, 0.02120141342756184, 0.041666666666666664], [5, 11, 8, 1, 5, 5, 6, 13], [0.0020016012810248197, 0.004403522818254604, 0.0032025620496397116, 0.00040032025620496394, 0.0020016012810248197, 0.0020016012810248197, 0.0024019215372297837, 0.004803843074459567], [1442.3865718002307, 677.2515405085124, 236.5937234151737, 233.01942610811682, 339.83351760290213, 189.27770453514208, 288.0507667922043, 396.8896889285723], [1456.5410438196998, 633.9215069700683, 232.0023665068469, 234.09978346293352, 342.1659441681943, 186.91367050490953, 285.18748998100324, 407.4831512319107]]
[[0.8122743682310469, 0.7617328519855595, 0.8700361010830325, 0.8339350180505415, 0.779783393501805, 0.9566787003610109, 0.9169675090252708, 0.8267148014440433], [0.5697896749521989, 0.6211849192100538, 0.45227272727272727, 0.5177453027139874, 0.6135957066189625, 0.2042042042042042, 0.3728395061728395, 0.5021739130434782], [330, 399, 222, 278, 391, 77, 167, 265], [0.11929543634907927, 0.13851080864691753, 0.07966373098478784, 0.09927942353883107, 0.13730984787830264, 0.02722177742193755, 0.06044835868694956, 0.09247397918334668], [18840.897605778173, 23719.140249300857, 1671.5682920496952, 2678.687441435458, 26326.714825261373, 1308.5880024842822, 6984.28605790377, 2076.2568723475506], [19051.310718475732, 21906.560402093168, 1602.2634688595906, 2698.027963536623, 25919.23282968244, 1300.2910338781644, 6812.860453942863, 2147.102597558654]]




