#p=[5,10,30,50],s=int(0.10p(p-1)/2)

1.0,1.0,1.0,1.0,1.0,1.0,1.0,1.0,1.0,1.0
0.0,0.0,0.0,0.0,0.0,0.0,0.0,0.0,0.0,0.0
0,0,0,0,0,0,0,0,0,0
0.0,0.0,0.0,0.0,0.0,0.0,0.0,0.0,0.0,0.0
4.95131380815497,5.0623385870560105,4.95201078217325,5.030091025086838,4.941099462600754,4.914599514627752,5.024546674098507,4.922976452090311,5.124992667085891,4.8246844362833645
5.000321163011461,5.0040879539169305,5.0012977241798575,5.000331854935593,5.004809881838279,5.000770451738113,5.000490978658369,5.001429984014788,5.00000184633539,5.000016178277672

1.0,1.0,1.0,1.0,1.0,1.0,1.0,1.0,1.0,1.0
0.0,0.0,0.0,0.0,0.0,0.0,0.0,0.0,0.0,0.0
0,0,0,0,0,0,0,0,0,0
0.0,0.0,0.0,0.0,0.0,0.0,0.0,0.0,0.0,0.0
4.9513141900658155,5.062339791386956,4.952010573636363,5.030090612725706,4.941099336791689,4.914599499588084,5.024548613722538,4.9229779629894495,5.124992845501045,4.824661291561791
5.000291601666522,5.004131926524134,5.0013276473453105,5.000337939296979,5.0047599053444465,5.00076358852662,5.000558674998263,5.001390256680408,5.000000387978181,5.00004738990903

1.0,1.0,1.0,1.0,1.0,1.0,1.0,1.0,1.0,1.0
0.0,0.0,0.0,0.0,0.0,0.0,0.0,0.0,0.0,0.0
0,0,0,0,0,0,0,0,0,0
0.0,0.0,0.0,0.0,0.0,0.0,0.0,0.0,0.0,0.0
4.951313886633618,5.062339791386956,4.952010573636361,5.030089287860083,4.941100303998655,4.9146076080757615,5.024549318311573,4.922975321878507,5.124992845501045,4.824653637943005
5.000326593990839,5.004131926524134,5.0013276473453105,5.00038137542518,5.004899116864186,5.000612862785614,5.000424360239398,5.001549195164148,5.000000387978181,5.000090425300182


1.0,1.0,1.0,1.0,1.0,1.0,1.0,1.0,1.0,1.0
0.0,0.0,0.0,0.0,0.0,0.0,0.0,0.0,0.0,0.0
0,0,0,0,0,0,0,0,0,0
0.0,0.0,0.0,0.0,0.0,0.0,0.0,0.0,0.0,0.0
9.923733921222412,10.036298653972807,10.121912332206914,9.849008719665552,10.046480692743682,9.937782913980529,10.17972362622606,9.902139690145301,10.163085847290997,10.27007412033411
10.011470370620973,10.001759297626514,10.00460122059143,10.007254508253371,10.00272664328451,10.00232936496159,10.028868089730821,10.004395975573672,10.00619594323087,10.001509589013425

1.0,1.0,1.0,1.0,1.0,1.0,1.0,1.0,1.0,1.0
0.0,0.0,0.0,0.0,0.0,0.0,0.0,0.0,0.0,0.0
0,0,0,0,0,0,0,0,0,0
0.0,0.0,0.0,0.0,0.0,0.0,0.0,0.0,0.0,0.0
9.92392092276122,10.036282320366572,10.12260929607774,9.848998516304752,10.046449128696707,9.9377685112276,10.17786431059958,9.902025033730764,10.163399997128574,10.270111630246799
10.011925119032092,10.00163002164552,10.005586105190972,10.006885789214316,10.002449571072132,10.00168924158804,10.02592368922992,10.007385932727178,10.006331984874556,10.002000586524602

1.0,1.0,1.0,1.0,1.0,1.0,1.0,1.0,1.0,1.0
0.0,0.0,0.0,0.0,0.0,0.0,0.0,0.0,0.0,0.0
0,0,0,0,0,0,0,0,0,0
0.0,0.0,0.0,0.0,0.0,0.0,0.0,0.0,0.0,0.0
9.923764956636795,10.036281558950918,10.122619454865497,9.849001944146941,10.046459299728774,9.937738042983762,10.177729905096822,9.901047910277917,10.163356658170219,10.270110143346173
10.011567336598336,10.00160075308317,10.005607555690805,10.00696563642676,10.002627216805156,10.001653535659786,10.025750760043948,10.006106152096534,10.006444013348725,10.001518529804905

0.9069767441860465,1.0,1.0,0.9069767441860465,0.8837209302325582,0.8604651162790697,1.0,0.9069767441860465,0.9302325581395349,0.9767441860465116
0.22,0.0,0.0,0.20408163265306123,0.19148936170212766,0.22916666666666666,0.0,0.3389830508474576,0.09090909090909091,0.06666666666666667
11,0,0,10,13,16,0,22,5,3
0.02806122448979592,0.0,0.0,0.025510204081632654,0.02295918367346939,0.02806122448979592,0.0,0.05102040816326531,0.01020408163265306,0.007653061224489796
33.978964359472926,29.948402857286656,30.52497853115514,30.986836394164367,34.29411496385143,53.16155347479637,29.84127382587427,32.864819076087954,31.150254827919706,30.44058869817923
34.007477268157146,30.376532317045864,30.52250268190625,31.083803096819295,34.251560335153336,52.40657204131427,30.4758225346728,32.694435372229925,31.059335851988667,30.55113509801145

1.0,1.0,1.0,1.0,1.0,1.0,1.0,1.0,1.0,1.0
0.0,0.0,0.0,0.0,0.0,0.022727272727272728,0.0,0.0,0.0,0.022727272727272728
0,0,0,0,0,1,0,0,0,1
0.0,0.0,0.0,0.0,0.0,0.002551020408163265,0.0,0.0,0.0,0.002551020408163265
31.59985423402678,29.914016745304277,30.344383086126822,30.181263391726173,30.26956501620358,31.18286363605437,29.7957788683346,31.018466753166095,30.25557523779228,30.10636785872865
31.625193941834794,30.33697679932654,30.3250797900813,30.20321031355978,30.232400880790124,31.281911563803977,30.432346220020037,30.7573471043942,30.12561944724408,30.206015105591145

0.9767441860465116,1.0,0.9069767441860465,0.9534883720930233,0.9534883720930233,0.8604651162790697,1.0,0.8837209302325582,0.9534883720930233,0.9767441860465116
0.06666666666666667,0.0,0.13333333333333333,0.1276595744680851,0.046511627906976744,0.27450980392156865,0.0,0.32142857142857145,0.08888888888888889,0.10638297872340426
3,0,9,6,3,16,0,21,5,5
0.007653061224489796,0.0,0.015306122448979591,0.015306122448979591,0.00510204081632653,0.03571428571428571,0.0,0.04591836734693878,0.01020408163265306,0.012755102040816327
32.97576074994566,29.96623515925707,36.5671511365902,30.76694650376536,30.76678377223676,33.24964407837707,29.8074362137174,31.86887260842298,30.59358413212631,30.254034967563044
32.879621796899784,30.399198302874403,36.26022828197124,30.748913892110934,30.93024294682415,33.27088914416372,30.443424038703615,31.54373756670087,30.45935527484719,30.409306349408677


0.9344262295081968,0.9344262295081968,0.9590163934426229,0.9262295081967213,0.9754098360655737,0.8688524590163934,0.9016393442622951,0.9180327868852459,0.8934426229508197,0.9016393442622951
0.11627906976744186,0.19148936170212766,0.13333333333333333,0.19858156028368795,0.16783216783216784,0.3652694610778443,0.19708029197080293,0.24324324324324326,0.28289473684210525,0.2857142857142857
20,35,22,35,26,73,33,44,54,53
0.013599274705349048,0.024478694469628286,0.016319129646418858,0.025385312783318223,0.021758839528558477,0.05530371713508613,0.024478694469628286,0.032638259292837715,0.038984587488667274,0.03989120580235721
70.29034602543892,500.27447877013424,116.82067180474785,171.0292613004976,225.13861693500618,282.0332352180567,79.4079328071146,107.92857221899861,1528.6466149555363,391.30639375085497
70.65148637843923,515.2994530234314,113.24332120237807,178.38142876900184,230.94305975403088,278.6598710230039,80.50052277829076,109.226388106659,1547.5930666482434,398.68068461494875

1.0,1.0,1.0,1.0,1.0,1.0,1.0,1.0,1.0,1.0
0.008130081300813009,0.008130081300813009,0.024,0.008130081300813009,0.0,0.008130081300813009,0.008130081300813009,0.0,0.008130081300813009,0.0
1,1,3,1,0,1,1,0,1,0
0.0009066183136899365,0.0009066183136899365,0.0027198549410698096,0.0009066183136899365,0.0,0.0009066183136899365,0.0009066183136899365,0.0,0.0009066183136899365,0.0
58.25816348501575,73.0073178962593,66.80191013104951,54.019872130807954,54.40091219746914,65.61172218583091,61.54518952031327,53.58933532200103,108.77395148561844,60.05141431204186
58.395521629423875,73.87055216200332,64.97557079839314,54.50072826767742,55.05823042747412,65.043730375376,61.5116600265818,53.99290428858893,110.54939610531378,60.82200897931603

0.9508196721311475,0.8032786885245902,0.9180327868852459,0.9180327868852459,0.9918032786885246,0.8934426229508197,0.9672131147540983,1.0,0.8934426229508197,0.8852459016393442
0.2564102564102564,0.5504587155963303,0.30434782608695654,0.3,0.047244094488188976,0.3057324840764331,0.09230769230769231,0.0,0.2635135135135135,0.40331491712707185
43,136,54,52,6,57,13,0,48,79
0.03626473254759746,0.10879419764279238,0.044424297370806894,0.043517679057116954,0.005439709882139619,0.043517679057116954,0.010879419764279238,0.0,0.03535811423390753,0.06618313689936536
115.2108044700256,406.24751843505027,90.95640575430627,58.78556309374272,55.51895941453874,194.90643559762387,59.09852659091681,53.42325300348036,258.60595778856157,131.3358740155576
115.04565449350147,416.4078256497559,88.6196507511003,59.243793007458684,56.15260882587878,190.4068047861071,58.667832793441164,53.76088731159941,265.17978576494625,133.88059175838217

