a\		M1			M2		  M3	     M4
T:51
0.0	[[[[0.85466667 0.85133333 0.83733333 0.84333333]]
0.20[[0.85666667 0.846      0.84333333 0.84333333]]
0.60[[0.82666667 0.82666667 0.84066667 0.84266667]]
0.80[[0.77866667 0.808      0.824      0.83      ]]
0.90[[0.724      0.77466667 0.78866667 0.84333333]]
0.99[[0.51466667 0.548      0.62466667 0.73866667]]
0.99[[0.452      0.45333333 0.45933333 0.49866667]]]

T:101
 [[[0.83666667 0.84066667 0.83866667 0.842     ]]
  [[0.84333333 0.85       0.836      0.84533333]]
  [[0.83       0.82666667 0.83933333 0.84466667]]
  [[0.78333333 0.80533333 0.81533333 0.83066667]]
  [[0.72533333 0.78133333 0.78933333 0.84133333]]
  [[0.53333333 0.56       0.63533333 0.73866667]]
  [[0.46333333 0.454      0.45933333 0.49866667]]]

T:251
 [[[0.82933333 0.838      0.83533333 0.84866667]]
  [[0.84733333 0.84866667 0.838      0.84866667]]
  [[0.85       0.84066667 0.84       0.84533333]]
  [[0.83266667 0.84266667 0.84       0.83666667]]
  [[0.802      0.82666667 0.82666667 0.848     ]]
  [[0.63866667 0.68       0.74933333 0.80333333]]
  [[0.61066667 0.59       0.59       0.64066667]]]

T:501
 [[[0.84466667 0.846      0.83533333 0.84266667]]
  [[0.852      0.84466667 0.83666667 0.84533333]]
  [[0.84133333 0.83266667 0.83666667 0.84266667]]
  [[0.82066667 0.83133333 0.83266667 0.83533333]]
  [[0.79266667 0.81666667 0.82133333 0.844     ]]
  [[0.628      0.67666667 0.74333333 0.80533333]]
  [[0.57666667 0.59333333 0.588      0.64866667]]]]
  
T:5001, 
a:0.999  : 0.87
  0.9999 : 0.67
  0.99999: 0.62
T:10001,
a:0.999  : 0.83,
  0.9999 : 0.68,
  0.99999: 0.56
T:15001