[[1.0, 1.0, 0.9674418604651163], [0.0, 0.0, 0.0641183732425692], [0.0, 0.0, 3.1], [0.0, 0.0, 0.00739795918367347], [5.027155091269771, 10.035029337173516, 30.22698085393025], [5.000835704911079, 10.004331658284483, 30.32829140931176]]
[[0.0, 0.0, 0.0051420539385354964], [0.0, 0.0, 0.011979671221550973], [0.0, 0.0, 0.5666666666666665], [0.0, 0.0, 0.001445578231292517], [0.03691985453195682, 0.028837472105200764, 0.08172195145902153], [0.00042581081683929845, 0.0008468888684502349, 0.046238609053007314]]
[[1.0, 1.0, 1.0], [0.0, 0.0, 0.0], [0.0, 0.0, 0.0], [0.0, 0.0, 0.0], [5.0271541116914795, 10.035060168675908, 30.032529658871663], [5.000881400992118, 10.004295533330424, 30.096438723015694]]
[[0.0, 0.0, 0.0], [0.0, 0.0, 0.0], [0.0, 0.0, 0.0], [0.0, 0.0, 0.0], [0.03692011353968486, 0.028830801396302404, 0.07620776485567629], [0.0004595421238637954, 0.0007686457976865391, 0.010207128230819876]]
[[1.0, 1.0, 0.8674418604651162], [0.0, 0.0, 0.1755631425586893], [0.0, 0.0, 10.1], [0.0, 0.0, 0.020918367346938773], [5.0271538995424985, 10.03507491476003, 30.778045138679044], [5.000846800481145, 10.004451079906591, 30.884392050079366]]
[[0.0, 0.0, 0.03307998185015793], [0.0, 0.0, 0.04027261659787732], [0.0, 0.0, 2.469592858932194], [0.0, 0.0, 0.00504216567359646], [0.03691985256305305, 0.028838376273467067, 0.20246686666877095], [0.00045651457724102824, 0.0009382288573676203, 0.18749691178309]]

p = 50

nt
[[0.9016393442622951, 0.9344262295081968, 0.9590163934426229, 0.860655737704918, 0.9426229508196722, 0.9508196721311475], [0.25675675675675674, 0.08064516129032258, 0.15827338129496402, 0.2553191489361702, 0.12213740458015267, 0.12781954887218044], [43, 14, 23, 45, 18, 18], [0.03445149592021759, 0.009066183136899365, 0.019945602901178604, 0.032638259292837715, 0.014505893019038985, 0.015412511332728921], [55.746456570055436, 51.871369976243386, 50.843773256168184, 57.660687997627875, 50.811503250939815, 52.147098851481275], [56.19741267185348, 52.476064400145106, 51.89706633761428, 57.62002139488712, 51.62741812235149, 52.26230406700665]]


omp
[[0.8032786885245902, 0.8770491803278688, 0.8770491803278688, 0.7950819672131147, 0.9344262295081968, 0.8688524590163934], [0.3287671232876712, 0.21323529411764705, 0.20149253731343283, 0.39375, 0.14285714285714285, 0.23741007194244604], [62, 38, 34, 76, 22, 39], [0.043517679057116954, 0.02629193109700816, 0.024478694469628286, 0.057116953762466005, 0.017225747960108794, 0.029918404351767906], [58.89184838851464, 53.89696223640218, 52.605766793717514, 62.21375196889177, 50.75457810022478, 54.379155037661626], [59.08994591801389, 54.57533122135649, 53.788499414940006, 61.614819713117015, 51.41326323668718, 54.58404504520309]]

mcmc
[[1.0, 1.0, 1.0, 1.0, 1.0, 1.0], [0.0, 0.0, 0.0, 0.0, 0.0, 0.0], [0, 0, 0, 0, 0, 0], [0.0, 0.0, 0.0, 0.0, 0.0, 0.0], [50.74598620237717, 50.13208759970652, 49.94010776385615, 50.654642189133966, 49.88463197083894, 50.45197395194427], [50.768036907376704, 50.787504239672096, 50.78742421468369, 50.537910082133536, 50.54295267146016, 50.475967458817]]
