sparsityonehalfweightesbetweenhalfandoneuntilp50

[[0.8, 1.0, 0.8, 0.8, 1.0, 1.0, 0.8, 1.0, 1.0, 1.0], [0.3333333333333333, 0.0, 0.3333333333333333, 0.2, 0.0, 0.0, 0.3333333333333333, 0.0, 0.0, 0.0], [2, 0, 2, 1, 0, 0, 2, 0, 0, 0], [0.4, 0.0, 0.4, 0.2, 0.0, 0.0, 0.4, 0.0, 0.0, 0.0], [4.973652613931775, 5.181731792164079, 5.095574913402054, 5.191851936394855, 4.951876832186123, 5.040175116862925, 5.048744409043934, 5.013513983301436, 4.918636637739641, 5.064767592166109], [5.157040634640746, 5.017462812228632, 5.229849855242576, 5.076143121559428, 5.004332122539104, 5.010669032520832, 5.08623083020879, 5.011713972687145, 5.005485283751469, 5.001809315845202]]
[[1.0, 1.0, 1.0, 1.0, 1.0, 1.0, 1.0, 1.0, 1.0, 1.0], [0.0, 0.0, 0.0, 0.0, 0.0, 0.0, 0.0, 0.0, 0.0, 0.0], [0, 0, 0, 0, 0, 0, 0, 0, 0, 0], [0.0, 0.0, 0.0, 0.0, 0.0, 0.0, 0.0, 0.0, 0.0, 0.0], [4.839998734219615, 5.183174739733112, 4.922494780558029, 5.132616365161301, 4.951732837488459, 5.039697863680249, 4.997191604020465, 5.013766109363445, 4.918466588251962, 5.064976094925158], [5.01372361326897, 5.0198906460620005, 5.00759078747911, 5.002990928829945, 5.004220240211181, 5.009919148451971, 5.003601439957178, 5.0126888221442165, 5.005065906807577, 5.001742008132943]]
[[0.6, 0.8, 1.0, 0.6, 0.4, 1.0, 0.6, 1.0, 1.0, 0.8], [0.25, 0.2, 0.0, 0.25, 0.7142857142857143, 0.0, 0.25, 0.0, 0.0, 0.2], [2, 1, 0, 2, 6, 0, 2, 0, 0, 1], [0.2, 0.2, 0.0, 0.2, 1.0, 0.0, 0.2, 0.0, 0.0, 0.2], [5.191625471487817, 5.293630286546985, 4.922928655843254, 5.286462271336115, 5.250873738727428, 5.039697863680251, 5.251284088695565, 5.013766109363445, 4.918466588251964, 5.2061368941206405], [5.351776444736601, 5.130311939667847, 5.008560988344511, 5.150078692799441, 5.330329008558506, 5.009919148451971, 5.298470955155684, 5.012688822144217, 5.005065906807576, 5.1519520050230225]]

[[0.9545454545454546, 0.8181818181818182, 0.8636363636363636, 0.9545454545454546, 0.8636363636363636, 0.7272727272727273, 0.9545454545454546, 0.8636363636363636, 0.9090909090909091, 0.7272727272727273], [0.045454545454545456, 0.1, 0.05, 0.045454545454545456, 0.20833333333333334, 0.23809523809523808, 0.125, 0.05, 0.09090909090909091, 0.30434782608695654], [1, 5, 3, 1, 7, 7, 3, 4, 2, 10], [0.043478260869565216, 0.08695652173913043, 0.043478260869565216, 0.043478260869565216, 0.21739130434782608, 0.21739130434782608, 0.13043478260869565, 0.043478260869565216, 0.08695652173913043, 0.30434782608695654], [9.933030013158334, 10.242546874315076, 10.305559514946678, 10.07115437427408, 10.182220872399732, 11.750466968162575, 10.107921514972206, 11.351801710854161, 10.128828148076561, 10.9714780905126], [10.3794406289434, 10.264440880153963, 10.30457074214712, 10.123356780916303, 10.288221458666154, 11.729180580439612, 10.361651008175931, 11.6381299434426, 10.209741341439171, 10.874840617500796]]
[[1.0, 1.0, 1.0, 1.0, 1.0, 1.0, 1.0, 1.0, 1.0, 1.0], [0.0, 0.0, 0.0, 0.0, 0.0, 0.0, 0.0, 0.0, 0.0, 0.0], [0, 0, 0, 0, 0, 0, 0, 0, 0, 0], [0.0, 0.0, 0.0, 0.0, 0.0, 0.0, 0.0, 0.0, 0.0, 0.0], [9.666469920992725, 10.023844743360556, 10.013912959103491, 10.007205571068543, 9.949114152367368, 10.242219210058009, 9.861764911935005, 9.89050315486265, 9.964883428821599, 10.162075260237179], [10.070578196469622, 10.04452411640436, 10.023683365029992, 10.051323221545108, 10.036342334667948, 10.105380721993871, 10.0548227344556, 10.05642561305145, 10.03409805680014, 10.084307883765481]]
[[0.8181818181818182, 0.5909090909090909, 0.45454545454545453, 0.8636363636363636, 0.6818181818181818, 0.6818181818181818, 0.9090909090909091, 0.5909090909090909, 0.8636363636363636, 0.6363636363636364], [0.14285714285714285, 0.2777777777777778, 0.4444444444444444, 0.2962962962962963, 0.375, 0.0, 0.16666666666666666, 0.43478260869565216, 0.13636363636363635, 0.36363636363636365], [5, 12, 16, 9, 13, 7, 5, 16, 4, 12], [0.13043478260869565, 0.21739130434782608, 0.34782608695652173, 0.34782608695652173, 0.391304347826087, 0.0, 0.17391304347826086, 0.43478260869565216, 0.13043478260869565, 0.34782608695652173], [10.137581076507288, 12.269349607915014, 12.299802919724259, 10.441939305711644, 10.697493427350686, 12.665900439770212, 10.447214313742622, 10.911263943372607, 10.342242971374567, 11.273431657572914], [10.614027288217255, 12.431094788732837, 12.372985621604322, 10.53234646227816, 10.84455242434051, 12.449322680372019, 10.622710124975002, 11.10722590723754, 10.425729481255082, 11.169832909778666]]


[[0.8018433179723502, 0.8202764976958525, 0.8617511520737328, 0.8755760368663594, 0.847926267281106, 0.8709677419354839, 0.9078341013824884, 0.847926267281106, 0.7926267281105991, 0.7741935483870968], [0.19815668202764977, 0.25523012552301255, 0.1762114537444934, 0.20502092050209206, 0.2, 0.17467248908296942, 0.1652542372881356, 0.20689655172413793, 0.21818181818181817, 0.26956521739130435], [79, 93, 61, 69, 68, 60, 52, 75, 84, 100], [0.19724770642201836, 0.2798165137614679, 0.1834862385321101, 0.22477064220183487, 0.21100917431192662, 0.1834862385321101, 0.17889908256880735, 0.22018348623853212, 0.22018348623853212, 0.28440366972477066], [75.44909575164617, 293.06509480702334, 43.11178164389209, 57.53734069196276, 82.29339589607598, 58.67337893105911, 68.3576554383465, 57.200523523310196, 262.08481952698486, 77.69827747023638], [74.22730034103397, 297.87939132561195, 43.57190755693601, 59.83279865685809, 85.58554342082103, 61.132173237991175, 67.35218619620841, 59.31942774927079, 258.3047246293135, 78.33527345854097]]
[[1.0, 1.0, 1.0, 1.0, 1.0, 1.0, 1.0, 1.0, 0.9861751152073732, 1.0], [0.0, 0.0, 0.0045871559633027525, 0.0, 0.0, 0.0, 0.0, 0.0, 0.013824884792626729, 0.0], [0, 0, 1, 0, 0, 0, 0, 0, 5, 0], [0.0, 0.0, 0.0045871559633027525, 0.0, 0.0, 0.0, 0.0, 0.0, 0.013761467889908258, 0.0], [33.58620189647722, 53.820031467268706, 34.033992740853876, 34.89816852403358, 44.33624417085474, 32.41289597049094, 51.60125707092412, 34.3561251124009, 41.89798978774684, 33.79211156592195], [33.50243542194912, 54.198691213166185, 34.29702867602135, 35.815100458253426, 46.22594669403912, 33.11279356050602, 51.11663594633185, 34.91518895678906, 42.27991120952049, 34.512394743121014]]
[[0.6082949308755761, 0.4377880184331797, 0.5391705069124424, 0.5714285714285714, 0.5990783410138248, 0.5391705069124424, 0.5529953917050692, 0.4055299539170507, 0.5852534562211982, 0.5391705069124424], [0.391705069124424, 0.5026178010471204, 0.4120603015075377, 0.3891625615763547, 0.4063926940639269, 0.4532710280373832, 0.4230769230769231, 0.5138121546961326, 0.3981042654028436, 0.44285714285714284], [160, 205, 170, 157, 168, 181, 174, 209, 164, 181], [0.38990825688073394, 0.44036697247706424, 0.3761467889908257, 0.3623853211009174, 0.40825688073394495, 0.44495412844036697, 0.4036697247706422, 0.42660550458715596, 0.3853211009174312, 0.42660550458715596], [276.8931379707583, 1922.5287384356627, 531.1107192031428, 496.7097844858845, 445.2066779095394, 149.0401185003801, 3012.472401982935, 505.0694999630763, 355.0076362567296, 180.58220585408358], [272.2680402642538, 1939.9437524146604, 545.8090321587175, 498.8681930419419, 470.23954157764786, 156.51751405479737, 2917.710252409055, 506.9021218033378, 341.4489824650939, 188.19001018902037]]

[[0.7450980392156863, 0.8545751633986928, 0.7875816993464052, 0.8415032679738562, 0.8235294117647058], [0.3059360730593607, 0.1632, 0.2445141065830721, 0.2196969696969697, 0.2112676056338028], [342, 172, 270, 223, 225], [0.3278955954323002, 0.16639477977161501, 0.2544861337683524, 0.2365415986949429, 0.22022838499184338], [14348.880089615099, 1440.9238648756798, 6014.857706953529, 2500.0343602229077, 5453.842374096492], [14088.823289232452, 1416.2455772142443, 6028.264865351829, 2517.5444673625366, 5601.471620812908]]

[[0.9983660130718954, 0.9771241830065359, 1.0, 1.0, 1.0], [0.004885993485342019, 0.03079416531604538, 0.0, 0.0, 0.0], [4, 32, 0, 0, 0], [0.004893964110929853, 0.03099510603588907, 0.0, 0.0, 0.0], [1551.8665456379886, 1388.2247740665705, 566.1312634203395, 958.9825246136696, 1009.0893415389796], [1525.2486447797623, 1370.423637226781, 553.6456035405286, 975.0326550128314, 1036.744393721037]]

[[0.4803921568627451, 0.5816993464052288, 0.5898692810457516, 0.5081699346405228, 0.5702614379084967], [0.4635036496350365, 0.40765391014975044, 0.42698412698412697, 0.42407407407407405, 0.41047297297297297], [549, 475, 494, 516, 482], [0.41435562805872755, 0.399673735725938, 0.43882544861337686, 0.3735725938009788, 0.3964110929853181], [42124.440722650914, 5651.625134621835, 10428.163374869042, 46371.455527206694, 16091.163426993511], [40669.418291961636, 5536.21120531461, 10550.690052008194, 46933.05200439656, 16748.11838816435]]

